1.650997251272201538e-01
1.621757596731185913e-01
1.597551405429840088e-01
1.578166186809539795e-01
1.563234329223632812e-01
1.552349925041198730e-01
1.545142829418182373e-01
1.541271060705184937e-01
1.540345698595046997e-01
1.541908830404281616e-01
1.545423865318298340e-01
1.550301611423492432e-01
1.555908471345901489e-01
1.561555266380310059e-01
1.566485613584518433e-01
1.569878309965133667e-01
1.570874154567718506e-01
1.568644940853118896e-01
1.562489569187164307e-01
1.551931500434875488e-01
1.536801606416702271e-01
1.517290771007537842e-01
1.493964791297912598e-01
1.467738151550292969e-01
1.439806669950485229e-01
1.411543190479278564e-01
1.384363770484924316e-01
1.359579116106033325e-01
1.338241398334503174e-01
1.321018338203430176e-01
1.308110058307647705e-01
1.299225091934204102e-01
1.293634921312332153e-01
1.290287822484970093e-01
1.287974566221237183e-01
1.285512000322341919e-01
1.281910687685012817e-01
1.276497542858123779e-01
1.268973946571350098e-01
1.259406507015228271e-01
1.248164623975753784e-01
1.235824897885322571e-01
1.223063021898269653e-01
1.210554093122482300e-01
1.198889464139938354e-01
1.188517212867736816e-01
1.179707050323486328e-01
1.172539368271827698e-01
1.166913956403732300e-01
1.162578314542770386e-01
1.159167215228080750e-01
1.156255081295967102e-01
1.153408735990524292e-01
1.150239855051040649e-01
1.146447435021400452e-01
1.141846477985382080e-01
1.136378347873687744e-01
1.130104213953018188e-01
1.123182475566864014e-01
1.115835011005401611e-01
1.108309328556060791e-01
1.100838109850883484e-01
1.093606874346733093e-01
1.086730659008026123e-01
1.080244630575180054e-01
1.074108481407165527e-01
1.068224608898162842e-01
1.062465906143188477e-01
1.056705489754676819e-01
1.050844714045524597e-01
1.044830456376075745e-01
1.038661152124404907e-01
1.032379344105720520e-01
1.026054024696350098e-01
1.019758582115173340e-01
1.013547405600547791e-01
1.007441133260726929e-01
1.001419797539710999e-01
9.954278916120529175e-02
9.893883764743804932e-02
9.832210838794708252e-02
9.768609702587127686e-02
9.702689945697784424e-02
9.634371101856231689e-02
9.563832730054855347e-02
9.491419792175292969e-02
9.417527914047241211e-02
9.342520684003829956e-02
9.266690909862518311e-02
9.190258383750915527e-02
9.113422036170959473e-02
9.036376327276229858e-02
8.959324657917022705e-02
8.882444351911544800e-02
8.805833756923675537e-02
8.729460090398788452e-02
8.653149753808975220e-02
8.576625585556030273e-02
8.499586582183837891e-02
8.421800285577774048e-02
8.343157172203063965e-02
8.263680338859558105e-02
8.183484524488449097e-02
8.102715015411376953e-02
8.021494746208190918e-02
7.939894497394561768e-02
7.857910543680191040e-02
7.775446027517318726e-02
7.692284882068634033e-02
7.608095556497573853e-02
7.522498816251754761e-02
7.435211539268493652e-02
7.346209883689880371e-02
7.255838811397552490e-02
7.164777815341949463e-02
7.073883712291717529e-02
6.983956694602966309e-02
6.895520538091659546e-02
6.808646768331527710e-02
6.722851842641830444e-02
6.637088954448699951e-02
6.549942493438720703e-02
6.460054218769073486e-02
6.366679817438125610e-02
6.270070374011993408e-02
6.171437725424766541e-02
6.072485819458961487e-02
5.974755063652992249e-02
5.879084020853042603e-02
5.785327404737472534e-02
5.692446231842041016e-02
5.599009245634078979e-02
5.503980070352554321e-02
5.407350510358810425e-02
5.310145765542984009e-02
5.213776975870132446e-02
5.119183287024497986e-02
5.026338994503021240e-02
4.934450984001159668e-02
4.842804744839668274e-02
4.751675575971603394e-02
4.662413895130157471e-02
4.576496779918670654e-02
4.494313523173332214e-02
4.414731264114379883e-02
4.335938021540641785e-02
4.257061332464218140e-02
4.179023206233978271e-02
4.103513062000274658e-02
4.031144827604293823e-02
3.960710763931274414e-02
3.890231996774673462e-02
3.818774968385696411e-02
3.746956214308738708e-02
3.675539791584014893e-02
3.604070842266082764e-02
3.531306982040405273e-02
3.456852212548255920e-02
3.381680324673652649e-02
3.306757658720016479e-02
3.231821209192276001e-02
3.156049922108650208e-02
3.079693950712680817e-02
3.004150465130805969e-02
2.930370531976222992e-02
2.858144603669643402e-02
2.787184715270996094e-02
2.718122489750385284e-02
2.651777304708957672e-02
2.588107250630855560e-02
2.526702359318733215e-02
2.467836998403072357e-02
2.412101998925209045e-02
2.359352260828018188e-02
2.308962866663932800e-02
2.260882779955863953e-02
2.215483225882053375e-02
2.172605320811271667e-02
2.131738699972629547e-02
2.092824503779411316e-02
2.055981010198593140e-02
2.020841836929321289e-02
1.986992359161376953e-02
1.954504847526550293e-02
1.923365518450737000e-02
1.893137395381927490e-02
1.863597333431243896e-02
1.834837719798088074e-02
1.806651055812835693e-02
1.778739690780639648e-02
1.751171238720417023e-02
1.723913848400115967e-02
1.696677505970001221e-02
1.669470965862274170e-02
1.642399467527866364e-02
1.615286618471145630e-02
1.588133536279201508e-02
1.561096031218767166e-02
1.534065231680870056e-02
1.507063210010528564e-02
1.480291504412889481e-02
1.453690789639949799e-02
1.427284535020589828e-02
1.401233859360218048e-02
1.375475898385047913e-02
1.350081153213977814e-02
1.325188390910625458e-02
1.300713047385215759e-02
1.276726275682449341e-02
1.253302395343780518e-02
1.230379380285739899e-02
1.208062469959259033e-02
1.186328846961259842e-02
1.165117882192134857e-02
1.144516468048095703e-02
1.124459877610206604e-02
1.104966737329959869e-02
1.086046919226646423e-02
1.067610457539558411e-02
1.049729716032743454e-02
1.032351702451705933e-02
1.015474740415811539e-02
9.990965947508811951e-03
9.831393137574195862e-03
9.676661342382431030e-03
9.526032954454421997e-03
9.379787370562553406e-03
9.237381629645824432e-03
9.098744019865989685e-03
8.964075706899166107e-03
8.832879364490509033e-03
8.705505169928073883e-03
8.581029251217842102e-03
8.460356853902339935e-03
8.342288434505462646e-03
8.228125050663948059e-03
8.115721866488456726e-03
8.007664233446121216e-03
7.900160737335681915e-03
7.798727136105298996e-03
7.694527506828308105e-03
7.601171731948852539e-03
7.496271282434463501e-03
7.417669519782066345e-03
7.300885394215583801e-03
7.262733764946460724e-03
7.105797994881868362e-03
7.217156700789928436e-03
6.987665779888629913e-03
7.313252892345190048e-03
6.810660474002361298e-03
6.753573194146156311e-03
6.907359696924686432e-03
6.612216122448444366e-03
6.614832207560539246e-03
6.597328931093215942e-03
6.405954249203205109e-03
6.451957393437623978e-03
6.369567010551691055e-03
6.214235909283161163e-03
6.268131546676158905e-03
6.172368302941322327e-03
6.034793332219123840e-03
6.085030268877744675e-03
5.983999464660882950e-03
5.864773411303758621e-03
5.913572851568460464e-03
5.812494084239006042e-03
5.704940296709537506e-03
5.747140385210514069e-03
5.648551508784294128e-03
5.554615519940853119e-03
5.590862594544887543e-03
5.489101633429527283e-03
5.410481244325637817e-03
5.443640518933534622e-03
5.340740084648132324e-03
5.275288596749305725e-03
5.300612188875675201e-03
5.199269391596317291e-03
5.148906260728836060e-03
5.162887740880250931e-03
5.063371732831001282e-03
5.027900915592908859e-03
5.027874372899532318e-03
4.936061799526214600e-03
4.913939163088798523e-03
4.893959499895572662e-03
4.815407097339630127e-03
4.805355332791805267e-03
4.763788543641567230e-03
4.700569435954093933e-03
4.696230404078960419e-03
4.638944752514362335e-03
4.593664780259132385e-03
4.584892652928829193e-03
4.521158058196306229e-03
4.493589513003826141e-03
4.471005871891975403e-03
4.412089008837938309e-03
4.396343603730201721e-03
4.356225021183490753e-03
4.311781842261552811e-03
4.297779407352209091e-03
4.246830940246582031e-03
4.218954592943191528e-03
4.194662906229496002e-03
4.146843217313289642e-03
4.129280336201190948e-03
4.090134054422378540e-03
4.055915400385856628e-03
4.036188125610351562e-03
3.992092330008745193e-03
3.970956895500421524e-03
3.938878886401653290e-03
3.904028097167611122e-03
3.884527366608381271e-03
3.845019266009330750e-03
3.822874976322054863e-03
3.793106414377689362e-03
3.760653780773282051e-03
3.740390064194798470e-03
3.704470349475741386e-03
3.683358896523714066e-03
3.653453197330236435e-03
3.625199198722839355e-03
3.603370161727070808e-03
3.570771077647805214e-03
3.550955094397068024e-03
3.520282916724681854e-03
3.497123718261718750e-03
3.472282551229000092e-03
3.444599919021129608e-03
3.424142720177769661e-03
3.394710365682840347e-03
3.375254105776548386e-03
3.347340505570173264e-03
3.326024394482374191e-03
3.301560413092374802e-03
3.277794457972049713e-03
3.256572410464286804e-03
3.230949398130178452e-03
3.211843082681298256e-03
3.185696899890899658e-03
3.167452989146113396e-03
3.141657216474413872e-03
3.123585600405931473e-03
3.098718356341123581e-03
3.080548718571662903e-03
3.056525718420743942e-03
3.038418013602495193e-03
3.015044610947370529e-03
2.997303847223520279e-03
2.974056173115968704e-03
2.957270713523030281e-03
2.933543641120195389e-03
2.918535610660910606e-03
2.893171273171901703e-03
2.881557447835803032e-03
2.852546516805887222e-03
2.847581868991255760e-03
2.810877747833728790e-03
2.820223104208707809e-03
2.768211532384157181e-03
2.811230719089508057e-03
2.732483204454183578e-03
2.860450185835361481e-03
2.748123370110988617e-03
3.032332751899957657e-03
2.816914115101099014e-03
2.978417091071605682e-03
2.637217054143548012e-03
2.617024350911378860e-03
2.805851399898529053e-03
2.651574090123176575e-03
2.709933090955018997e-03
2.575511112809181213e-03
2.555957064032554626e-03
2.722200006246566772e-03
2.522151451557874680e-03
2.514895517379045486e-03
2.601859858259558678e-03
2.493358217179775238e-03
2.533000893890857697e-03
2.480572555214166641e-03
2.444112673401832581e-03
2.532181795686483383e-03
2.416368108242750168e-03
2.406456973403692245e-03
2.474145498126745224e-03
2.380363643169403076e-03
2.395986579358577728e-03
2.391503658145666122e-03
2.343783620744943619e-03
2.388707129284739494e-03
2.327610272914171219e-03
2.310004550963640213e-03
2.352049108594655991e-03
2.285430207848548889e-03
2.290790202096104622e-03
2.292072866111993790e-03
2.250344026833772659e-03
2.275785896927118301e-03
2.237113658338785172e-03
2.220388967543840408e-03
2.242403570562601089e-03
2.196499379351735115e-03
2.200519200414419174e-03
2.192864194512367249e-03
2.163788303732872009e-03
2.179953269660472870e-03
2.147297142073512077e-03
2.138307550922036171e-03
2.143719000741839409e-03
2.112182322889566422e-03
2.118572825565934181e-03
2.099777106195688248e-03
2.084320178255438805e-03
2.090772148221731186e-03
2.062846906483173370e-03
2.062790561467409134e-03
2.051716670393943787e-03
2.034267876297235489e-03
2.038054168224334717e-03
2.014944097027182579e-03
2.011824632063508034e-03
2.003048546612262726e-03
1.986329909414052963e-03
1.987572992220520973e-03
1.968111610040068626e-03
1.964033581316471100e-03
1.954799052327871323e-03
1.940459595061838627e-03
1.939610578119754791e-03
1.922350144013762474e-03
1.918490626849234104e-03
1.907892874442040920e-03
1.896669971756637096e-03
1.893419772386550903e-03
1.878109644167125225e-03
1.874924753792583942e-03
1.862806617282330990e-03
1.854789443314075470e-03
1.848459243774414062e-03
1.835969160310924053e-03
1.832531997933983803e-03
1.819706987589597702e-03
1.814450370147824287e-03
1.804947271011769772e-03
1.796206692233681679e-03
1.790414331480860710e-03
1.779095386154949665e-03
1.774731790646910667e-03
1.763546722941100597e-03
1.758117927238345146e-03
1.748904120177030563e-03
1.741320593282580376e-03
1.734609249979257584e-03
1.725164824165403843e-03
1.719917636364698410e-03
1.709825126454234123e-03
1.704867347143590450e-03
1.695218728855252266e-03
1.689523458480834961e-03
1.681075431406497955e-03
1.674343831837177277e-03
1.667146338149905205e-03
1.659413566812872887e-03
1.653311308473348618e-03
1.644910196773707867e-03
1.639483263716101646e-03
1.630719518288969994e-03
1.625749981030821800e-03
1.616835710592567921e-03
1.612116349861025810e-03
1.603141659870743752e-03
1.598723931238055229e-03
1.589594059623777866e-03
1.585585530847311020e-03
1.576107228174805641e-03
1.572846900671720505e-03
1.562595134600996971e-03
1.560613396577537060e-03
1.548950560390949249e-03
1.549256732687354088e-03
1.534989103674888611e-03
1.539482735097408295e-03
1.520626945421099663e-03
1.533195259980857372e-03
1.506418688222765923e-03
1.535708201117813587e-03
1.496619777753949165e-03
1.562980003654956818e-03
1.509823254309594631e-03
1.656392356380820274e-03
1.590767875313758850e-03
1.827841275371611118e-03
1.661795191466808319e-03
1.736738136969506741e-03
1.471201889216899872e-03
1.447452930733561516e-03
1.560428412631154060e-03
1.520027522929012775e-03
1.613575965166091919e-03
1.433849334716796875e-03
1.422878820449113846e-03
1.517142984084784985e-03
1.457554521039128304e-03
1.505562919192016125e-03
1.404157024808228016e-03
1.400008797645568848e-03
1.488971058279275894e-03
1.408662879839539528e-03
1.427228562533855438e-03
1.396005041897296906e-03
1.382138812914490700e-03
1.447711372748017311e-03
1.372174941934645176e-03
1.377822714857757092e-03
1.388820121064782143e-03
1.360483001917600632e-03
1.400969224050641060e-03
1.348514226265251637e-03
1.347027369774878025e-03
1.372118014842271805e-03
1.336486544460058212e-03
1.359530491754412651e-03
1.330101629719138145e-03
1.323140691965818405e-03
1.347404439002275467e-03
1.313460757955908775e-03
1.326865982264280319e-03
1.311841420829296112e-03
1.301434007473289967e-03
1.320414477959275246e-03
1.292274915613234043e-03
1.300769508816301823e-03
1.292005646973848343e-03
1.280964817851781845e-03
1.294981106184422970e-03
1.272469758987426758e-03
1.278412295505404472e-03
1.271052984520792961e-03
1.261507859453558922e-03
1.271237968467175961e-03
1.252966001629829407e-03
1.257900032214820385e-03
1.249856781214475632e-03
1.242826227098703384e-03
1.248362939804792404e-03
1.233605202287435532e-03
1.238313037902116776e-03
1.228821463882923126e-03
1.224732026457786560e-03
1.226084074005484581e-03
1.214860472828149796e-03
1.218964694999158382e-03
1.208487898111343384e-03
1.207375316880643368e-03
1.204485073685646057e-03
1.197012607008218765e-03
1.199200283735990524e-03
1.189350034110248089e-03
1.190362730994820595e-03
1.183842075988650322e-03
1.180271268822252750e-03
1.178969629108905792e-03
1.171620562672615051e-03
1.172562362626194954e-03
1.164668705314397812e-03
1.164171961136162281e-03
1.158992177806794643e-03
1.155340345576405525e-03
1.153489341959357262e-03
1.147365546785295010e-03
1.147132599726319313e-03
1.140440581366419792e-03
1.139637548476457596e-03
1.134336693212389946e-03
1.131717581301927567e-03
1.128505915403366089e-03
1.124055124819278717e-03
1.122478046454489231e-03
1.116962986998260021e-03
1.115908846259117126e-03
1.110411249101161957e-03
1.108942320570349693e-03
1.104217488318681717e-03
1.101806527003645897e-03
1.098207430914044380e-03
1.094787614420056343e-03
1.092172926291823387e-03
1.087986398488283157e-03
1.086054253391921520e-03
1.081417198292911053e-03
1.079803565517067909e-03
1.075047184713184834e-03
1.073498046025633812e-03
1.068804180249571800e-03
1.067179604433476925e-03
1.062657684087753296e-03
1.060916576534509659e-03
1.056542037986218929e-03
1.054733991622924805e-03
1.050456194207072258e-03
1.048652455210685730e-03
1.044357428327202797e-03
1.042705029249191284e-03
1.038241898640990257e-03
1.036908244714140892e-03
1.032065367326140404e-03
1.031342078931629658e-03
1.025783247314393520e-03
1.026118523441255093e-03
1.019322546198964119e-03
1.021549687720835209e-03
1.012603053823113441e-03
1.018301467411220074e-03
1.005725585855543613e-03
1.018168986774981022e-03
9.997207671403884888e-04
1.026279758661985397e-03
9.997948072850704193e-04
1.058265799656510353e-03
1.026366371661424637e-03
1.157027902081608772e-03
1.131773227825760841e-03
1.364018069580197334e-03
1.276839873753488064e-03
1.381378388032317162e-03
1.082387985661625862e-03
1.005236059427261353e-03
1.024702796712517738e-03
1.062244409695267677e-03
1.207780558615922928e-03
1.028549158945679665e-03
9.877823758870363235e-04
1.004515681415796280e-03
1.015213085338473320e-03
1.104112016037106514e-03
9.707297431305050850e-04
9.559905156493186951e-04
1.010435866191983223e-03
9.860062273219227791e-04
1.026127254590392113e-03
9.448987548239529133e-04
9.431304642930626869e-04
1.005720463581383228e-03
9.570020483806729317e-04
9.713324252516031265e-04
9.405700257048010826e-04
9.360303520224988461e-04
9.841248393058776855e-04
9.338344680145382881e-04
9.392607025802135468e-04
9.393330547027289867e-04
9.258532663807272911e-04
9.567501256242394447e-04
9.185074595734477043e-04
9.199673659168183804e-04
9.321939432993531227e-04
9.132800623774528503e-04
9.324994171038269997e-04
9.079121518880128860e-04
9.064399637281894684e-04
9.205593960359692574e-04
9.011187357828021049e-04
9.134727297350764275e-04
8.987507317215204239e-04
8.954017539508640766e-04
9.073787950910627842e-04
8.902080589905381203e-04
8.987382752820849419e-04
8.892159676179289818e-04
8.850598824210464954e-04
8.939797990024089813e-04
8.798993658274412155e-04
8.862668182700872421e-04
8.787610568106174469e-04
8.749312255531549454e-04
8.809774881228804588e-04
8.696601726114749908e-04
8.747238898649811745e-04
8.678481099195778370e-04
8.651387179270386696e-04
8.684725617058575153e-04
8.595797698944807053e-04
8.638300932943820953e-04
8.570125792175531387e-04
8.556576794944703579e-04
8.564236341044306755e-04
8.498302195221185684e-04
8.531952043995261192e-04
8.464647689834237099e-04
8.464686106890439987e-04
8.448669686913490295e-04
8.404440595768392086e-04
8.424415718764066696e-04
8.363669039681553841e-04
8.373494492843747139e-04
8.338040206581354141e-04
8.314856677316129208e-04
8.315591840073466301e-04
8.267945377156138420e-04
8.278555469587445259e-04
8.233533008024096489e-04
8.227851940318942070e-04
8.206965867429971695e-04
8.177758427336812019e-04
8.177700801752507687e-04
8.136322721838951111e-04
8.138095145113766193e-04
8.102719439193606377e-04
8.091730996966362000e-04
8.073248900473117828e-04
8.046566508710384369e-04
8.041409309953451157e-04
8.006842108443379402e-04
8.003621478565037251e-04
7.972120074555277824e-04
7.961582741700112820e-04
7.940346840769052505e-04
7.919435738585889339e-04
7.908025872893631458e-04
7.880031480453908443e-04
7.872988935559988022e-04
7.843788480386137962e-04
7.835074793547391891e-04
7.810028619132936001e-04
7.795889396220445633e-04
7.777191931381821632e-04
7.757211569696664810e-04
7.743972819298505783e-04
7.719940040260553360e-04
7.709551136940717697e-04
7.684325100854039192e-04
7.673925720155239105e-04
7.649905746802687645e-04
7.637609960511326790e-04
7.616272196173667908e-04
7.601171964779496193e-04
7.582901162095367908e-04
7.565148407593369484e-04
7.549523143097758293e-04
7.529651629738509655e-04
7.516002515330910683e-04
7.494766614399850368e-04
7.482311921194195747e-04
7.460378692485392094e-04
7.448621327057480812e-04
7.426362135447561741e-04
7.415002328343689442e-04
7.392597617581486702e-04
7.381620816886425018e-04
7.358945440500974655e-04
7.348564686253666878e-04
7.325327023863792419e-04
7.315963739529252052e-04
7.291600923053920269e-04
7.283999584615230560e-04
7.257623947225511074e-04
7.252910872921347618e-04
7.223178399726748466e-04
7.223226130008697510e-04
7.187923183664679527e-04
7.195929065346717834e-04
7.151401368901133537e-04
7.173108169808983803e-04
7.113365572877228260e-04
7.159589440561830997e-04
7.075020112097263336e-04
7.167595904320478439e-04
7.044446538202464581e-04
7.231007330119609833e-04
7.057019975036382675e-04
7.450310513377189636e-04
7.245839806273579597e-04
8.116747485473752022e-04
8.013275219127535820e-04
9.823174914345145226e-04
9.820300620049238205e-04
1.193052157759666443e-03
1.021076343022286892e-03
9.566688677296042442e-04
7.081258809193968773e-04
6.905445479787886143e-04
8.463622652925550938e-04
8.479424286633729935e-04
8.834643522277474403e-04
7.047884864732623100e-04
6.827736506238579750e-04
7.810850511305034161e-04
7.679969421587884426e-04
7.932044100016355515e-04
6.821323186159133911e-04
6.793009815737605095e-04
7.601607358083128929e-04
7.218532264232635498e-04
7.311874069273471832e-04
6.747819716110825539e-04
6.780080730095505714e-04
7.399203605018556118e-04
6.913500837981700897e-04
6.939850281924009323e-04
6.758798845112323761e-04
6.743457634001970291e-04
7.160216337069869041e-04
6.721109966747462749e-04
6.736019859090447426e-04
6.752788322046399117e-04
6.669423310086131096e-04
6.934186676517128944e-04
6.604737136512994766e-04
6.615099264308810234e-04
6.704722763970494270e-04
6.582561763934791088e-04
6.754907080903649330e-04
6.530765676870942116e-04
6.533676059916615486e-04
6.632693111896514893e-04
6.504210177809000015e-04
6.624135421589016914e-04
6.473892135545611382e-04
6.468985229730606079e-04
6.549931131303310394e-04
6.434753304347395897e-04
6.524513009935617447e-04
6.416186224669218063e-04
6.407856708392500877e-04
6.464843172580003738e-04
6.369482725858688354e-04
6.439393036998808384e-04
6.353572825901210308e-04
6.348224706016480923e-04
6.381503189913928509e-04
6.306947907432913780e-04
6.363097345456480980e-04
6.290100282058119774e-04
6.291031604632735252e-04
6.302051478996872902e-04
6.247328128665685654e-04
6.291312747634947300e-04
6.227146368473768234e-04
6.235714536160230637e-04
6.227414123713970184e-04
6.190423155203461647e-04
6.220757495611906052e-04
6.165893282741308212e-04
6.180807831697165966e-04
6.156832678243517876e-04
6.136376177892088890e-04
6.150774424895644188e-04
6.107208319008350372e-04
6.124088540673255920e-04
6.090606329962611198e-04
6.084479391574859619e-04
6.081127212382853031e-04
6.051408126950263977e-04
6.063685286790132523e-04
6.028768839314579964e-04
6.032411474734544754e-04
6.013741949573159218e-04
5.998765118420124054e-04
5.999417044222354889e-04
5.971349892206490040e-04
5.977166583761572838e-04
5.950788035988807678e-04
5.947621539235115051e-04
5.934324581176042557e-04
5.918190581724047661e-04
5.916830268688499928e-04
5.893056513741612434e-04
5.894108326174318790e-04
5.872386391274631023e-04
5.867228610441088676e-04
5.854208720847964287e-04
5.840377416461706161e-04
5.835519405081868172e-04
5.816054763272404671e-04
5.813987227156758308e-04
5.794653552584350109e-04
5.789711140096187592e-04
5.775134777650237083e-04
5.764757515862584114e-04
5.755890160799026489e-04
5.740760825574398041e-04
5.735536688007414341e-04
5.718427710235118866e-04
5.713478312827646732e-04
5.697568412870168686e-04
5.690346006304025650e-04
5.677521694451570511e-04
5.667081568390130997e-04
5.657585570588707924e-04
5.644384655170142651e-04
5.637123831547796726e-04
5.622556200250983238e-04
5.616018897853791714e-04
5.601503071375191212e-04
5.594407557509839535e-04
5.581040750257670879e-04
5.572566296905279160e-04
5.560855497606098652e-04
5.550830392166972160e-04
5.540719721466302872e-04
5.529332556761801243e-04
5.520520498976111412e-04
5.508193862624466419e-04
5.500158295035362244e-04
5.487382877618074417e-04
5.479742540046572685e-04
5.466797156259417534e-04
5.459294188767671585e-04
5.446446011774241924e-04
5.438893567770719528e-04
5.426188581623136997e-04
5.418609362095594406e-04
5.406049313023686409e-04
5.398408393375575542e-04
5.385979311540722847e-04
5.378426867537200451e-04
5.365902325138449669e-04
5.358634516596794128e-04
5.345845711417496204e-04
5.339094204828143120e-04
5.325715173967182636e-04
5.319858901202678680e-04
5.305504309944808483e-04
5.301038618199527264e-04
5.285022780299186707e-04
5.282888887450098991e-04
5.264147766865789890e-04
5.265750223770737648e-04
5.242584156803786755e-04
5.250545218586921692e-04
5.220012390054762363e-04
5.239014280959963799e-04
5.196389975026249886e-04
5.235411226749420166e-04
5.173202371224761009e-04
5.250801332294940948e-04
5.158969433978199959e-04
5.316377501003444195e-04
5.189236835576593876e-04
5.527344765141606331e-04
5.397114437073469162e-04
6.171780405566096306e-04
6.205122917890548706e-04
7.933170418255031109e-04
8.319132612086832523e-04
1.076994813047349453e-03
9.777779923751950264e-04
9.324257262051105499e-04
5.986907053738832474e-04
5.089594051241874695e-04
6.243229727260768414e-04
7.000067271292209625e-04
7.816827856004238129e-04
5.752702709287405014e-04
5.105747259221971035e-04
5.797684425488114357e-04
6.136760348454117775e-04
6.605862872675061226e-04
5.224748747423291206e-04
5.026020808145403862e-04
5.797712365165352821e-04
5.674876156263053417e-04
5.783354281447827816e-04
5.015404894948005676e-04
5.049740429967641830e-04
5.721354973502457142e-04
5.320300697349011898e-04
5.290333065204322338e-04
5.031492910347878933e-04
5.075982189737260342e-04
5.521571729332208633e-04
5.075605586171150208e-04
5.043367855250835419e-04
5.082370480522513390e-04
5.038485396653413773e-04
5.285225342959165573e-04
4.946860717609524727e-04
4.936999757774174213e-04
5.085802986286580563e-04
4.965250845998525620e-04
5.093760555610060692e-04
4.895493621006608009e-04
4.887934774160385132e-04
5.041445838287472725e-04
4.896304453723132610e-04
4.970033769495785236e-04
4.872266727034002542e-04
4.850809636991471052e-04
4.975168267264962196e-04
4.841483314521610737e-04
4.888122202828526497e-04
4.845419607590883970e-04
4.811998223885893822e-04
4.905270179733633995e-04
4.796222783625125885e-04
4.828055389225482941e-04
4.824129864573478699e-04
4.824121424462646246e-04
4.824036732316017151e-04
4.823942435905337334e-04
4.823834751732647419e-04
4.822523333132266998e-04
4.817322769667953253e-04
4.817319277208298445e-04
4.817268927581608295e-04
4.817213921342045069e-04
4.816723521798849106e-04
4.815429565496742725e-04
4.815426073037087917e-04
4.815387073904275894e-04
4.815286374650895596e-04
4.815045103896409273e-04
4.814061394426971674e-04
4.814056446775794029e-04
4.814015992451459169e-04
4.813792766071856022e-04
4.811909748241305351e-04
4.811906837858259678e-04
4.811875405721366405e-04
4.811826802324503660e-04
4.811729595530778170e-04
4.811613762285560369e-04
4.810315440408885479e-04
4.810314567293971777e-04
4.810286045540124178e-04
4.810119280591607094e-04
4.809744714293628931e-04
4.808339581359177828e-04
4.808341036550700665e-04
4.808327648788690567e-04
4.808222001884132624e-04
4.807971417903900146e-04
4.806324141100049019e-04
4.806322976946830750e-04
4.806304932571947575e-04
4.806297947652637959e-04
4.806301731150597334e-04
4.806304932571947575e-04
4.806304932571947575e-04
4.806304932571947575e-04
4.806304932571947575e-04
