1.712461709976196289e-01
1.688476204872131348e-01
1.668807268142700195e-01
1.652812063694000244e-01
1.639937460422515869e-01
1.629675775766372681e-01
1.621599495410919189e-01
1.615366637706756592e-01
1.610675156116485596e-01
1.607189178466796875e-01
1.604485064744949341e-01
1.602029949426651001e-01
1.599190533161163330e-01
1.595254093408584595e-01
1.589436382055282593e-01
1.580886244773864746e-01
1.568712294101715088e-01
1.552045047283172607e-01
1.530143916606903076e-01
1.502556204795837402e-01
1.469310820102691650e-01
1.431102156639099121e-01
1.389417201280593872e-01
1.346554011106491089e-01
1.305501312017440796e-01
1.269653886556625366e-01
1.242369040846824646e-01
1.226387470960617065e-01
1.223220378160476685e-01
1.232661008834838867e-01
1.252594590187072754e-01
1.279232054948806763e-01
1.307779103517532349e-01
1.333363503217697144e-01
1.351927965879440308e-01
1.360835283994674683e-01
1.359073519706726074e-01
1.347114890813827515e-01
1.326554268598556519e-01
1.299664676189422607e-01
1.268976181745529175e-01
1.236933767795562744e-01
1.205661743879318237e-01
1.176825091242790222e-01
1.151575967669487000e-01
1.130560263991355896e-01
1.113963276147842407e-01
1.101577281951904297e-01
1.092881336808204651e-01
1.087126359343528748e-01
1.083426922559738159e-01
1.080855876207351685e-01
1.078540980815887451e-01
1.075754016637802124e-01
1.071980893611907959e-01
1.066962704062461853e-01
1.060697957873344421e-01
1.053405106067657471e-01
1.045451462268829346e-01
1.037261560559272766e-01
1.029222235083580017e-01
1.021602600812911987e-01
1.014503985643386841e-01
1.007847785949707031e-01
1.001402735710144043e-01
9.948428720235824585e-02
9.878227859735488892e-02
9.800505638122558594e-02
9.713407605886459351e-02
9.616395831108093262e-02
9.510142356157302856e-02
9.396147727966308594e-02
9.276225417852401733e-02
9.151973575353622437e-02
9.024445712566375732e-02
8.894066512584686279e-02
8.760818094015121460e-02
8.624592423439025879e-02
8.485549688339233398e-02
8.344324678182601929e-02
8.202025294303894043e-02
8.060009777545928955e-02
7.919569313526153564e-02
7.781636714935302734e-02
7.646618783473968506e-02
7.514389604330062866e-02
7.384414970874786377e-02
7.255952060222625732e-02
7.128266990184783936e-02
7.000851631164550781e-02
6.873644888401031494e-02
6.747208535671234131e-02
6.622819602489471436e-02
6.502407789230346680e-02
6.388304382562637329e-02
6.282881647348403931e-02
6.188189610838890076e-02
6.105645000934600830e-02
6.035751104354858398e-02
5.977815389633178711e-02
5.929790437221527100e-02
5.888536199927330017e-02
5.850622057914733887e-02
5.813280120491981506e-02
5.774764716625213623e-02
5.733887106180191040e-02
5.689334869384765625e-02
5.639608949422836304e-02
5.583352595567703247e-02
5.519114434719085693e-02
5.444460362195968628e-02
5.355820804834365845e-02
5.249974504113197327e-02
5.126091837882995605e-02
4.986532032489776611e-02
4.835978895425796509e-02
4.679849743843078613e-02
4.523029178380966187e-02
4.369463026523590088e-02
4.222389310598373413e-02
4.084431752562522888e-02
3.957097232341766357e-02
3.840109705924987793e-02
3.731478750705718994e-02
3.628965467214584351e-02
3.532204031944274902e-02
3.443247824907302856e-02
3.364679217338562012e-02
3.297274187207221985e-02
3.239011764526367188e-02
3.185589611530303955e-02
3.132538497447967529e-02
3.077847138047218323e-02
3.022455796599388123e-02
2.968205325305461884e-02
2.915795892477035522e-02
2.864637784659862518e-02
2.813966386020183563e-02
2.763407677412033081e-02
2.712335810065269470e-02
2.659330889582633972e-02
2.603106945753097534e-02
2.544205263257026672e-02
2.485229447484016418e-02
2.428902685642242432e-02
2.376006543636322021e-02
2.325135841965675354e-02
2.274390496313571930e-02
2.223451808094978333e-02
2.173836901783943176e-02
2.127283811569213867e-02
2.084386907517910004e-02
2.044690027832984924e-02
2.007489465177059174e-02
1.972202584147453308e-02
1.938197761774063110e-02
1.904852688312530518e-02
1.872076094150543213e-02
1.840499043464660645e-02
1.810768805444240570e-02
1.782629638910293579e-02
1.754893921315670013e-02
1.726459711790084839e-02
1.697284355759620667e-02
1.668153889477252960e-02
1.639692857861518860e-02
1.611924357712268829e-02
1.584623195230960846e-02
1.557701826095581055e-02
1.531150937080383301e-02
1.504929549992084503e-02
1.479175873100757599e-02
1.454371400177478790e-02
1.430997904390096664e-02
1.409024931490421295e-02
1.387934107333421707e-02
1.367301121354103088e-02
1.347214914858341217e-02
1.328026317059993744e-02
1.309880428016185760e-02
1.292633917182683945e-02
1.276082638651132584e-02
1.260065846145153046e-02
1.244401652365922928e-02
1.228952687233686447e-02
1.213792152702808380e-02
1.199134811758995056e-02
1.185034401714801788e-02
1.171267963945865631e-02
1.157594658434391022e-02
1.144027896225452423e-02
1.130758225917816162e-02
1.117904856801033020e-02
1.105455216020345688e-02
1.093366742134094238e-02
1.081591658294200897e-02
1.070045493543148041e-02
1.058673579245805740e-02
1.047552376985549927e-02
1.036809664219617844e-02
1.026446931064128876e-02
1.016327179968357086e-02
1.006344705820083618e-02
9.965182282030582428e-03
9.869060479104518890e-03
9.775185957551002502e-03
9.683426469564437866e-03
9.593633934855461121e-03
9.505338966846466064e-03
9.417978115379810333e-03
9.331702254712581635e-03
9.247366338968276978e-03
9.165399707853794098e-03
9.085325524210929871e-03
9.006537497043609619e-03
8.929013274610042572e-03
8.852978236973285675e-03
8.778534829616546631e-03
8.705760352313518524e-03
8.634683676064014435e-03
8.564967662096023560e-03
8.496128953993320465e-03
8.428134024143218994e-03
8.361336775124073029e-03
8.295833133161067963e-03
8.231274783611297607e-03
8.167348802089691162e-03
8.103987202048301697e-03
8.041197434067726135e-03
7.979037240147590637e-03
7.917685434222221375e-03
7.857192307710647583e-03
7.797328755259513855e-03
7.737888023257255554e-03
7.679013535380363464e-03
7.620921358466148376e-03
7.563616149127483368e-03
7.506984751671552658e-03
7.450987584888935089e-03
7.395572960376739502e-03
7.340713404119014740e-03
7.286504376679658890e-03
7.233060896396636963e-03
7.180263288319110870e-03
7.127924356609582901e-03
7.076021749526262283e-03
7.024653255939483643e-03
6.973843090236186981e-03
6.923565175384283066e-03
6.873806007206439972e-03
6.824517622590065002e-03
6.775639951229095459e-03
6.727225147187709808e-03
6.679362617433071136e-03
6.632021628320217133e-03
6.585107184946537018e-03
6.538602989166975021e-03
6.492550019174814224e-03
6.446957122534513474e-03
6.401825230568647385e-03
6.357170641422271729e-03
6.312931887805461884e-03
6.269041914492845535e-03
6.225542165338993073e-03
6.182487122714519501e-03
6.139831151813268661e-03
6.097543984651565552e-03
6.055637262761592865e-03
6.014096084982156754e-03
5.972917191684246063e-03
5.932139232754707336e-03
5.891769193112850189e-03
5.851737223565578461e-03
5.812042392790317535e-03
5.772724747657775879e-03
5.733783356845378876e-03
5.695197265595197678e-03
5.656977649778127670e-03
5.619104020297527313e-03
5.581548903137445450e-03
5.544334650039672852e-03
5.507474299520254135e-03
5.470940843224525452e-03
5.434708669781684875e-03
5.398803390562534332e-03
5.363209638744592667e-03
5.327923689037561417e-03
5.292961373925209045e-03
5.258308257907629013e-03
5.223937798291444778e-03
5.189864430576562881e-03
5.156095605343580246e-03
5.122621078044176102e-03
5.089436192065477371e-03
5.056541878730058670e-03
5.023926496505737305e-03
4.991589114069938660e-03
4.959544166922569275e-03
4.927775822579860687e-03
4.896270111203193665e-03
4.865037277340888977e-03
4.834076389670372009e-03
4.803386516869068146e-03
4.772968590259552002e-03
4.742817953228950500e-03
4.712929017841815948e-03
4.683298990130424500e-03
4.653943236917257309e-03
4.624847322702407837e-03
4.596010316163301468e-03
4.567435942590236664e-03
4.539120942354202271e-03
4.511059727519750595e-03
4.483267199248075485e-03
4.455728456377983093e-03
4.428439773619174957e-03
4.401405807584524155e-03
4.374621435999870300e-03
4.348087590187788010e-03
4.321805667132139206e-03
4.295773804187774658e-03
4.269984550774097443e-03
4.244443960487842560e-03
4.219147376716136932e-03
4.194093868136405945e-03
4.169289022684097290e-03
4.144720733165740967e-03
4.120388533920049667e-03
4.096304066479206085e-03
4.072457551956176758e-03
4.048839677125215530e-03
4.025462083518505096e-03
4.002317320555448532e-03
3.979400731623172760e-03
3.956721164286136627e-03
3.934262786060571671e-03
3.912026993930339813e-03
3.890018910169601440e-03
3.868234809488058090e-03
3.846665378659963608e-03
3.825312480330467224e-03
3.804173320531845093e-03
3.783245105296373367e-03
3.762526437640190125e-03
3.742019878700375557e-03
3.721707966178655624e-03
3.701601177453994751e-03
3.681691363453865051e-03
3.661975497379899025e-03
3.642454277724027634e-03
3.623122815042734146e-03
3.603973425924777985e-03
3.585008438676595688e-03
3.566229715943336487e-03
3.547624452039599419e-03
3.529194276779890060e-03
3.510939190164208412e-03
3.492843825370073318e-03
3.474927274510264397e-03
3.457173239439725876e-03
3.439573571085929871e-03
3.422138281166553497e-03
3.404853865504264832e-03
3.387725912034511566e-03
3.370752790942788124e-03
3.353919601067900658e-03
3.337238449603319168e-03
3.320703050121665001e-03
3.304303158074617386e-03
3.288052277639508247e-03
3.271930385380983353e-03
3.255944931879639626e-03
3.240100573748350143e-03
3.224380314350128174e-03
3.208800218999385834e-03
3.193341428413987160e-03
3.178008133545517921e-03
3.162813372910022736e-03
3.147731069475412369e-03
3.132779151201248169e-03
3.117949701845645905e-03
3.103235270828008652e-03
3.088653786107897758e-03
3.074177075177431107e-03
3.059824928641319275e-03
3.045590361580252647e-03
3.031468950212001801e-03
3.017468377947807312e-03
3.003574907779693604e-03
2.989797852933406830e-03
2.976136980578303337e-03
2.962579717859625816e-03
2.949142362922430038e-03
2.935808617621660233e-03
2.922586631029844284e-03
2.909475937485694885e-03
2.896470483392477036e-03
2.883571200072765350e-03
2.870778087526559830e-03
2.858092077076435089e-03
2.845515962690114975e-03
2.833033911883831024e-03
2.820658031851053238e-03
2.808388788253068924e-03
2.796218730509281158e-03
2.784153679385781288e-03
2.772177336737513542e-03
2.760311588644981384e-03
2.748538739979267120e-03
2.736865542829036713e-03
2.725288271903991699e-03
2.713804366067051888e-03
2.702417550608515739e-03
2.691125962883234024e-03
2.679927740246057510e-03
2.668817993253469467e-03
2.657799748703837395e-03
2.646875102072954178e-03
2.636041492223739624e-03
2.625296125188469887e-03
2.614635508507490158e-03
2.604063833132386208e-03
2.593575045466423035e-03
2.583179157227277756e-03
2.572861034423112869e-03
2.562631620094180107e-03
2.552478108555078506e-03
2.542410045862197876e-03
2.532425569370388985e-03
2.522516995668411255e-03
2.512690145522356033e-03
2.502935007214546204e-03
2.493265084922313690e-03
2.483673393726348877e-03
2.474146662279963493e-03
2.464702818542718887e-03
2.455328125506639481e-03
2.446033759042620659e-03
2.436806214973330498e-03
2.427652012556791306e-03
2.418565563857555389e-03
2.409556182101368904e-03
2.400609664618968964e-03
2.391731133684515953e-03
2.382926410064101219e-03
2.374176867306232452e-03
2.365512307733297348e-03
2.356886863708496094e-03
2.348359674215316772e-03
2.339853206649422646e-03
2.331467811018228531e-03
2.323071006685495377e-03
2.314827870577573776e-03
2.306527923792600632e-03
2.298443811014294624e-03
2.290211617946624756e-03
2.282319124788045883e-03
2.274105558171868324e-03
2.266478026285767555e-03
2.258157823234796524e-03
2.250964520499110222e-03
2.242283895611763000e-03
2.235928550362586975e-03
2.226265380159020424e-03
2.221715403720736504e-03
2.209619851782917976e-03
2.209312049672007561e-03
2.191273495554924011e-03
2.201726892963051796e-03
2.169610001146793365e-03
2.209874335676431656e-03
2.148312982171773911e-03
2.277514897286891937e-03
2.173595130443572998e-03
2.485918579623103142e-03
2.247678581625223160e-03
2.387691754847764969e-03
2.108663786202669144e-03
2.104149665683507919e-03
2.357008634135127068e-03
2.121089724823832512e-03
2.137591596692800522e-03
2.177176997065544128e-03
2.097503747791051865e-03
2.202175790444016457e-03
2.078497782349586487e-03
2.057871781289577484e-03
2.201125957071781158e-03
2.043982967734336853e-03
2.042191568762063980e-03
2.149682957679033279e-03
2.028035465627908707e-03
2.048822119832038879e-03
2.086591906845569611e-03
2.011420903727412224e-03
2.059012651443481445e-03
2.033740514889359474e-03
1.993822399526834488e-03
2.057517645880579948e-03
1.996383536607027054e-03
1.980742439627647400e-03
2.040018793195486069e-03
1.971330260857939720e-03
1.974539598450064659e-03
2.009765477851033211e-03
1.953191356733441353e-03
1.972865546122193336e-03
1.975318416953086853e-03
1.938350731506943703e-03
1.969259232282638550e-03
1.944588031619787216e-03
1.926626777276396751e-03
1.957436557859182358e-03
1.920701004564762115e-03
1.919153030030429363e-03
1.936689717695116997e-03
1.902522984892129898e-03
1.913970685563981533e-03
1.911551458761096001e-03
1.888548023998737335e-03
1.906264107674360275e-03
1.887714373879134655e-03
1.878374023362994194e-03
1.892244676128029823e-03
1.868174644187092781e-03
1.870893058367073536e-03
1.872574444860219955e-03
1.853262074291706085e-03
1.862860983237624168e-03
1.851591048762202263e-03
1.842238241806626320e-03
1.850435975939035416e-03
1.833269139751791954e-03
1.833677873946726322e-03
1.833193819038569927e-03
1.818995107896625996e-03
1.824509236030280590e-03
1.814603805541992188e-03
1.808218192309141159e-03
1.811514608561992645e-03
1.798332436010241508e-03
1.799097750335931778e-03
1.795017509721219540e-03
1.785617903806269169e-03
1.788408029824495316e-03
1.778443809598684311e-03
1.775562530383467674e-03
1.774248434230685234e-03
1.764573506079614162e-03
1.765587949194014072e-03
1.758482074365019798e-03
1.753641176037490368e-03
1.753021264448761940e-03
1.744262641295790672e-03
1.743691158480942249e-03
1.738304505124688148e-03
1.732803881168365479e-03
1.731962198391556740e-03
1.724294619634747505e-03
1.722706248983740807e-03
1.718092709779739380e-03
1.712675904855132103e-03
1.711332122795283794e-03
1.704545458778738976e-03
1.702460343949496746e-03
1.698047970421612263e-03
1.693082973361015320e-03
1.691182842478156090e-03
1.685059163719415665e-03
1.682807458564639091e-03
1.678310334682464600e-03
1.673943363130092621e-03
1.671479549258947372e-03
1.665927469730377197e-03
1.663627219386398792e-03
1.658945111557841301e-03
1.655224361456930637e-03
1.652163104154169559e-03
1.647225813940167427e-03
1.644801348447799683e-03
1.640014583244919777e-03
1.636877423152327538e-03
1.633210689760744572e-03
1.628992380574345589e-03
1.626226585358381271e-03
1.621591043658554554e-03
1.618811511434614658e-03
1.614659791812300682e-03
1.611191313713788986e-03
1.607865793630480766e-03
1.603733864612877369e-03
1.600897870957851410e-03
1.596627756953239441e-03
1.593688735738396645e-03
1.589804189279675484e-03
1.586398808285593987e-03
1.583073055371642113e-03
1.579224830493330956e-03
1.576263457536697388e-03
1.572270877659320831e-03
1.569333486258983612e-03
1.565514598041772842e-03
1.562349032610654831e-03
1.558868214488029480e-03
1.555408583953976631e-03
1.552240690216422081e-03
1.548574422486126423e-03
1.545587787404656410e-03
1.541876466944813728e-03
1.538903452455997467e-03
1.535288756713271141e-03
1.532220980152487755e-03
1.528779743239283562e-03
1.525569707155227661e-03
1.522314501926302910e-03
1.518982695415616035e-03
1.515878248028457165e-03
1.512463670223951340e-03
1.509462948888540268e-03
1.506008440628647804e-03
1.503077335655689240e-03
1.499613979831337929e-03
1.496725017204880714e-03
1.493268529884517193e-03
1.490417169407010078e-03
1.486966852098703384e-03
1.484152860939502716e-03
1.480697537772357464e-03
1.477949554100632668e-03
1.474455930292606354e-03
1.471803989261388779e-03
1.468230504542589188e-03
1.465737354010343552e-03
1.462002168409526348e-03
1.459766179323196411e-03
1.455747289583086967e-03
1.453937380574643612e-03
1.449405564926564693e-03
1.448333030566573143e-03
1.442884793505072594e-03
1.443121815100312233e-03
1.436000573448836803e-03
1.438669278286397457e-03
1.428456744179129601e-03
1.435824204236268997e-03
1.419839914888143539e-03
1.436773221939802170e-03
1.410180702805519104e-03
1.447838498279452324e-03
1.403216971084475517e-03
1.488981302827596664e-03
1.420542830601334572e-03
1.615399029105901718e-03
1.521818572655320168e-03
1.839952892623841763e-03
1.599947339855134487e-03
1.689149998128414154e-03
1.387406256981194019e-03
1.379746710881590843e-03
1.582065480761229992e-03
1.469173235818743706e-03
1.547150430269539356e-03
1.372026745229959488e-03
1.372657599858939648e-03
1.545407809317111969e-03
1.398397376760840416e-03
1.419686479493975639e-03
1.397136831656098366e-03
1.373463077470660210e-03
1.482961932197213173e-03
1.354836509563028812e-03
1.357297878712415695e-03
1.427721465006470680e-03
1.356792869046330452e-03
1.399952452629804611e-03
1.355877611786127090e-03
1.340231625363230705e-03
1.412523677572607994e-03
1.335045439191162586e-03
1.346308155916631222e-03
1.369777368381619453e-03
1.328842248767614365e-03
1.370298909023404121e-03
1.330324681475758553e-03
1.322986558079719543e-03
1.364003634080290794e-03
1.316609792411327362e-03
1.333863823674619198e-03
1.331638777628540993e-03
1.309829065576195717e-03
1.342369709163904190e-03
1.308458158746361732e-03
1.310463063418865204e-03
1.326109282672405243e-03
1.298736780881881714e-03
1.318618888035416603e-03
1.302388613112270832e-03
1.295151654630899429e-03
1.313832006417214870e-03
1.288962783291935921e-03
1.298945746384561062e-03
1.294966554269194603e-03
1.283140387386083603e-03
1.298639224842190742e-03
1.279662363231182098e-03
1.283501507714390755e-03
1.285224920138716698e-03
1.272223307751119137e-03
1.283611636608839035e-03
1.270281616598367691e-03
1.270644366741180420e-03
1.273793634027242661e-03
1.261822180822491646e-03
1.270003616809844971e-03
1.260327873751521111e-03
1.258999807760119438e-03
1.261778757907450199e-03
1.251653418876230717e-03
1.257459865882992744e-03
1.249720924533903599e-03
1.248106127604842186e-03
1.249831635504961014e-03
1.241471967659890652e-03
1.245591673068702221e-03
1.238892436958849430e-03
1.237702323123812675e-03
1.237958902493119240e-03
1.231270143762230873e-03
1.234197756275534630e-03
1.228012959472835064e-03
1.227441476657986641e-03
1.226219232194125652e-03
1.221201848238706589e-03
1.222988474182784557e-03
1.217203331179916859e-03
1.217290526255965233e-03
1.214737538248300552e-03
1.211316790431737900e-03
1.211779657751321793e-03
1.206705113872885704e-03
1.207125606015324593e-03
1.203506370075047016e-03
1.201553037390112877e-03
1.200560946017503738e-03
1.196575467474758625e-03
1.196699915453791618e-03
1.192652736790478230e-03
1.191831426694989204e-03
1.189422211609780788e-03
1.186811365187168121e-03
1.186000998131930828e-03
1.182378502562642097e-03
1.181905507110059261e-03
1.178614562377333641e-03
1.177270780317485332e-03
1.175185083411633968e-03
1.172649441286921501e-03
1.171567011624574661e-03
1.168411574326455593e-03
1.167542417533695698e-03
1.164596644230186939e-03
1.163186738267540932e-03
1.161003019660711288e-03
1.158820814453065395e-03
1.157349906861782074e-03
1.154645346105098724e-03
1.153491786681115627e-03
1.150734955444931984e-03
1.149419695138931274e-03
1.147007104009389877e-03
1.145270070992410183e-03
1.143336063250899315e-03
1.141159096732735634e-03
1.139617874287068844e-03
1.137176179327070713e-03
1.135798171162605286e-03
1.133322482928633690e-03
1.131892204284667969e-03
1.129569485783576965e-03
1.127942232415080070e-03
1.125866780057549477e-03
1.124006113968789577e-03
1.122169429436326027e-03
1.120108878239989281e-03
1.118459505960345268e-03
1.116266241297125816e-03
1.114727696403861046e-03
1.112478785216808319e-03
1.110980170778930187e-03
1.108735799789428711e-03
1.107228337787091732e-03
1.105023315176367760e-03
1.103484071791172028e-03
1.101332250982522964e-03
1.099755987524986267e-03
1.097656204365193844e-03
1.096048858016729355e-03
1.093988306820392609e-03
1.092369202524423599e-03
1.090326346457004547e-03
1.088714576326310635e-03
1.086669741198420525e-03
1.085092895664274693e-03
1.083012670278549194e-03
1.081502181477844715e-03
1.079353853128850460e-03
1.077955588698387146e-03
1.075673964805901051e-03
1.074470812454819679e-03
1.071960432454943657e-03
1.071071252226829529e-03
1.068171579390764236e-03
1.067822333425283432e-03
1.064251409843564034e-03
1.064840704202651978e-03
1.060084090568125248e-03
1.062380615621805191e-03
1.055505592375993729e-03
1.061022281646728516e-03
1.050350954756140709e-03
1.062252558767795563e-03
1.044924603775143623e-03
1.070307800546288490e-03
1.042342279106378555e-03
1.098549109883606434e-03
1.058386056683957577e-03
1.188921742141246796e-03
1.149235875345766544e-03
1.425269292667508125e-03
1.363186398521065712e-03
1.623204327188432217e-03
1.274848124012351036e-03
1.176340039819478989e-03
1.041962066665291786e-03
1.092803897336125374e-03
1.343993935734033585e-03
1.143733854405581951e-03
1.099281595088541508e-03
1.053248066455125809e-03
1.077415188774466515e-03
1.227719709277153015e-03
1.047308323904871941e-03
1.027334015816450119e-03
1.096717664040625095e-03
1.064360840246081352e-03
1.116112223826348782e-03
1.013821922242641449e-03
1.014336012303829193e-03
1.108070602640509605e-03
1.026660203933715820e-03
1.033998210914433002e-03
1.029635081067681313e-03
1.014599809423089027e-03
1.070703496225178242e-03
1.001981901936233044e-03
1.002152683213353157e-03
1.043930649757385254e-03
1.003494602628052235e-03
1.025418634526431561e-03
1.002680277451872826e-03
9.940786985680460930e-04
1.033442094922065735e-03
9.909009095281362534e-04
9.971249382942914963e-04
1.007038750685751438e-03
9.866706095635890961e-04
1.010488718748092651e-03
9.851439390331506729e-04
9.832869982346892357e-04
1.002929522655904293e-03
9.786356240510940552e-04
9.907584171742200851e-04
9.829165646806359291e-04
9.747897856868803501e-04
9.922561002895236015e-04
9.719720110297203064e-04
9.768895106390118599e-04
9.787888266146183014e-04
9.673468302935361862e-04
9.801195701584219933e-04
9.663541568443179131e-04
9.668050915934145451e-04
9.723183466121554375e-04
9.606372332200407982e-04
9.691815357655286789e-04
9.608409600332379341e-04
9.587713284417986870e-04
9.645622922107577324e-04
9.541922481730580330e-04
9.597093448974192142e-04
9.547114605084061623e-04
9.514861740171909332e-04
9.563582134433090687e-04
9.478104766458272934e-04
9.513783734291791916e-04
9.480369044467806816e-04
9.446617332287132740e-04
9.483446483500301838e-04
9.413874940946698189e-04
9.437259286642074585e-04
9.410324273630976677e-04
9.379930561408400536e-04
9.404680458828806877e-04
9.347792947664856911e-04
9.364399593323469162e-04
9.338427917100489140e-04
9.314044145867228508e-04
9.328490123152732849e-04
9.281791280955076218e-04
9.294248884543776512e-04
9.267084533348679543e-04
9.249594295397400856e-04
9.254207834601402283e-04
9.215829195454716682e-04
9.225003886967897415e-04
9.196137543767690659e-04
9.184926166199147701e-04
9.180499473586678505e-04
9.150314144790172577e-04
9.155628504231572151e-04
9.126407094299793243e-04
9.120689937844872475e-04
9.108369704335927963e-04
9.086288046091794968e-04
9.086438803933560848e-04
9.059102740138769150e-04
9.056433918885886669e-04
9.037892450578510761e-04
9.023405145853757858e-04
9.016925469040870667e-04
8.993812371045351028e-04
8.991010254248976707e-04
8.969405316747725010e-04
8.960799896158277988e-04
8.947584428824484348e-04
8.930633775889873505e-04
8.924322901293635368e-04
8.903600974008440971e-04
8.897522930055856705e-04
8.879743400029838085e-04
8.868651930242776871e-04
8.856875356286764145e-04
8.840418304316699505e-04
8.832715684548020363e-04
8.814345346763730049e-04
8.806434343568980694e-04
8.790244464762508869e-04
8.778941119089722633e-04
8.766784449107944965e-04
8.751841960474848747e-04
8.742593345232307911e-04
8.726020460017025471e-04
8.717119926586747169e-04
8.701492333784699440e-04
8.690782706253230572e-04
8.677599253132939339e-04
8.664446067996323109e-04
8.653580443933606148e-04
8.638757863081991673e-04
8.628973155282437801e-04
8.613903191871941090e-04
8.603779715485870838e-04
8.589680073782801628e-04
8.578295237384736538e-04
8.565734606236219406e-04
8.552931249141693115e-04
8.541693096049129963e-04
8.527962490916252136e-04
8.517404785379767418e-04
8.503409917466342449e-04
8.492876077070832253e-04
8.479249663650989532e-04
8.468222804367542267e-04
8.455330971628427505e-04
8.443603874184191227e-04
8.431485621258616447e-04
8.419132209382951260e-04
8.407664718106389046e-04
8.394842734560370445e-04
8.383782114833593369e-04
8.370787836611270905e-04
8.359912317246198654e-04
8.346879621967673302e-04
8.336049504578113556e-04
8.323146612383425236e-04
8.312229183502495289e-04
8.299503242596983910e-04
8.288498502224683762e-04
8.275967556983232498e-04
8.264841744676232338e-04
8.252508123405277729e-04
8.241290925070643425e-04
8.229104569181799889e-04
8.217839640565216541e-04
8.205801714211702347e-04
8.194464026018977165e-04
8.182547171600162983e-04
8.171234512701630592e-04
8.159360149875283241e-04
8.148076012730598450e-04
8.136258693411946297e-04
8.136207470670342445e-04
8.136089891195297241e-04
8.135872776620090008e-04
8.135181851685047150e-04
8.135163807310163975e-04
8.135086391121149063e-04
8.135029347613453865e-04
8.134357631206512451e-04
8.130687638185918331e-04
8.130626520141959190e-04
8.130583446472883224e-04
8.130106143653392792e-04
8.127502514980733395e-04
8.115529199130833149e-04
8.115419186651706696e-04
8.114922093227505684e-04
8.112190407700836658e-04
8.090664632618427277e-04
8.090485353022813797e-04
8.090226328931748867e-04
8.089378243312239647e-04
8.083612192422151566e-04
8.021226385608315468e-04
8.021013345569372177e-04
8.020056993700563908e-04
8.014817722141742706e-04
7.958017522469162941e-04
7.957732304930686951e-04
7.957046618685126305e-04
7.952775340527296066e-04
7.906123064458370209e-04
7.905694656074047089e-04
7.904715603217482567e-04
7.898391922935843468e-04
7.829812238924205303e-04
7.829138776287436485e-04
7.826488581486046314e-04
7.811559480614960194e-04
7.651975029148161411e-04
7.650650804862380028e-04
7.644717115908861160e-04
7.612305926159024239e-04
7.288431515917181969e-04
7.287744665518403053e-04
7.286483887583017349e-04
7.277715485543012619e-04
7.187265437096357346e-04
7.186470902524888515e-04
7.182839908637106419e-04
7.161737885326147079e-04
7.049700943753123283e-04
7.048760307952761650e-04
7.044186932034790516e-04
6.995089934207499027e-04
6.553881685249507427e-04
6.553347920998930931e-04
6.551505066454410553e-04
6.540815811604261398e-04
6.426897598430514336e-04
6.426292238757014275e-04
6.423569866456091404e-04
6.408641347661614418e-04
6.252257153391838074e-04
6.251708837226033211e-04
6.249967846088111401e-04
6.229500286281108856e-04
6.130898837000131607e-04
6.130373803898692131e-04
6.128024542704224586e-04
6.102431798353791237e-04
5.871679168194532394e-04
5.871362518519163132e-04
5.870470777153968811e-04
5.865050479769706726e-04
5.807085544802248478e-04
5.806641420349478722e-04
5.805039545521140099e-04
5.786779802292585373e-04
5.618043360300362110e-04
5.617504357360303402e-04
5.613908870145678520e-04
5.577155970968306065e-04
5.257842130959033966e-04
5.257623270153999329e-04
5.256658187136054039e-04
5.251354887150228024e-04
5.201875464990735054e-04
5.201299209147691727e-04
5.196116399019956589e-04
5.170393851585686207e-04
4.911208525300025940e-04
4.910650313831865788e-04
4.908188129775226116e-04
4.894646117463707924e-04
4.752199165523052216e-04
4.751544911414384842e-04
4.748637438751757145e-04
4.732666129712015390e-04
4.565824347082525492e-04
4.565221606753766537e-04
4.562519607134163380e-04
4.533086612354964018e-04
4.267038311809301376e-04
4.266691103111952543e-04
4.265751340426504612e-04
4.259978304617106915e-04
4.228660545777529478e-04
3.957162844017148018e-04
3.957035369239747524e-04
3.956441360060125589e-04
3.952650004066526890e-04
3.932567196898162365e-04
3.740583779290318489e-04
3.740359679795801640e-04
3.739343956112861633e-04
3.733866615220904350e-04
3.704194677993655205e-04
3.456567646935582161e-04
3.456311533227562904e-04
3.455165133345872164e-04
3.448892384767532349e-04
3.396684769541025162e-04
3.396465908735990524e-04
3.395623352844268084e-04
3.389388439245522022e-04
3.357388195581734180e-04
3.357055247761309147e-04
3.355563385412096977e-04
3.347381716594099998e-04
3.262152895331382751e-04
3.261787351220846176e-04
3.260622033849358559e-04
3.253730537835508585e-04
3.188682603649795055e-04
3.188267583027482033e-04
3.184544038958847523e-04
3.149926196783781052e-04
2.868960727937519550e-04
2.868814626708626747e-04
2.868144656531512737e-04
2.861333487089723349e-04
2.827888238243758678e-04
2.827493008226156235e-04
2.825718838721513748e-04
2.806421834975481033e-04
2.636642893776297569e-04
2.636334393173456192e-04
2.633545082062482834e-04
2.619749284349381924e-04
2.484711003489792347e-04
2.484427241142839193e-04
2.481875999365001917e-04
2.469288010615855455e-04
2.350026916246861219e-04
2.349748538108542562e-04
2.348493144381791353e-04
2.341601211810484529e-04
2.271063858643174171e-04
2.270724799018353224e-04
2.268909011036157608e-04
2.256081352243199944e-04
2.194762055296450853e-04
2.194499538745731115e-04
2.193298714701086283e-04
2.186759229516610503e-04
2.119272830896079540e-04
2.119102573487907648e-04
2.118395350407809019e-04
2.114461676683276892e-04
2.073364303214475513e-04
2.073179057333618402e-04
2.072420902550220490e-04
2.068181929644197226e-04
2.045793808065354824e-04
2.045635192189365625e-04
2.044916909653693438e-04
2.041002589976415038e-04
2.020130486926063895e-04
2.019953244598582387e-04
2.019141102209687233e-04
2.014707715716212988e-04
1.968982105609029531e-04
1.968746364582329988e-04
1.967674179468303919e-04
1.956040505319833755e-04
1.854483271017670631e-04
1.854318834375590086e-04
1.853580179158598185e-04
1.845611841417849064e-04
1.808459201129153371e-04
1.808296219678595662e-04
1.807363441912457347e-04
1.802490151021629572e-04
1.755295816110447049e-04
1.755141129251569510e-04
1.754446711856871843e-04
1.750652736518532038e-04
1.713865785859525204e-04
1.713732781354337931e-04
1.713138772174715996e-04
1.707385090412572026e-04
1.681904250290244818e-04
1.681796566117554903e-04
1.681267458479851484e-04
1.678463886491954327e-04
1.654044608585536480e-04
1.653960498515516520e-04
1.653566578170284629e-04
1.650371996220201254e-04
1.627372257644310594e-04
1.627336896490305662e-04
1.627175370231270790e-04
1.626227895030751824e-04
1.622603740543127060e-04
1.622551208129152656e-04
1.622320414753630757e-04
1.619913091417402029e-04
1.611715997569262981e-04
1.611712941667065024e-04
1.611703482922166586e-04
1.611668558325618505e-04
1.614521315786987543e-04
1.614531211089342833e-04
1.614563807379454374e-04
1.614772190805524588e-04
1.619015820324420929e-04
1.619009126443415880e-04
1.618965034140273929e-04
1.618750102352350950e-04
1.618158275960013270e-04
1.618131354916840792e-04
1.618020469322800636e-04
1.617404341232031584e-04
1.613074855413287878e-04
1.613039930816739798e-04
1.612885971553623676e-04
1.611956686247140169e-04
1.607563754078000784e-04
1.607513695489615202e-04
1.607298036105930805e-04
1.606010773684829473e-04
1.599648385308682919e-04
1.599590032128617167e-04
1.599497336428612471e-04
1.598829403519630432e-04
1.594985369592905045e-04
1.577830407768487930e-04
1.577792863827198744e-04
1.577726798132061958e-04
1.577377261128276587e-04
1.575363276060670614e-04
1.556846837047487497e-04
1.556809293106198311e-04
1.556772331241518259e-04
1.556456700200214982e-04
1.555550261400640011e-04
1.549935550428926945e-04
1.549886364955455065e-04
1.549632725073024631e-04
1.548276486573740840e-04
1.541961682960391045e-04
1.541878737043589354e-04
1.541517558507621288e-04
1.539538498036563396e-04
1.522181119071319699e-04
1.522035454399883747e-04
1.521538069937378168e-04
1.518662902526557446e-04
1.488904526922851801e-04
1.488768029958009720e-04
1.488170528318732977e-04
1.484991516917943954e-04
1.484819513279944658e-04
1.484008098486810923e-04
1.478538033552467823e-04
1.451420248486101627e-04
1.451233256375417113e-04
1.450515119358897209e-04
1.446483947802335024e-04
1.406091323588043451e-04
1.405925868311896920e-04
1.405313523719087243e-04
1.401843474013730884e-04
1.383905619150027633e-04
1.383730559609830379e-04
1.382943737553432584e-04
1.378664310323074460e-04
1.356967404717579484e-04
1.356836000923067331e-04
1.356376742478460073e-04
1.353742409264668822e-04
1.328529324382543564e-04
1.328433427261188626e-04
1.327967911493033171e-04
1.325484481640160084e-04
1.302672899328172207e-04
1.302631717408075929e-04
1.302453456446528435e-04
1.301471202168613672e-04
1.295512774959206581e-04
1.295481342822313309e-04
1.295334368478506804e-04
1.293762179557234049e-04
1.281354634556919336e-04
1.281322620343416929e-04
1.281189324799925089e-04
1.280427968595176935e-04
1.276565744774416089e-04
1.276552357012405992e-04
1.276497496291995049e-04
1.275996619369834661e-04
1.273680099984630942e-04
1.273666421184316278e-04
1.273649249924346805e-04
1.273622910957783461e-04
1.273359957849606872e-04
1.271196524612605572e-04
1.257620751857757568e-04
1.257609983440488577e-04
1.257608528248965740e-04
1.257601543329656124e-04
1.257535768672823906e-04
1.257176336366683245e-04
1.254566304851323366e-04
1.237420656252652407e-04
1.237369142472743988e-04
1.237070828210562468e-04
1.235523814102634788e-04
1.222531718667596579e-04
1.222493301611393690e-04
1.222405553562566638e-04
1.221859711222350597e-04
1.219132391270250082e-04
1.220893900608643889e-04
1.220888661919161677e-04
1.220876438310369849e-04
1.220799313159659505e-04
1.220274571096524596e-04
1.216944510815665126e-04
1.216952659888193011e-04
1.217016324517317116e-04
1.217429962707683444e-04
1.222510763909667730e-04
1.222323044203221798e-04
1.221493876073509455e-04
1.213177893077954650e-04
1.213167997775599360e-04
1.213107098010368645e-04
1.212815404869616032e-04
1.212197385029867291e-04
1.212193601531907916e-04
1.212184652104042470e-04
1.212139904964715242e-04
1.212038769153878093e-04
1.225287851411849260e-04
1.225295854965224862e-04
1.225319865625351667e-04
1.225402229465544224e-04
1.226002059411257505e-04
1.242010330315679312e-04
1.242007419932633638e-04
1.242003927472978830e-04
1.241985592059791088e-04
1.241914287675172091e-04
1.243001606781035662e-04
1.242965226992964745e-04
1.242801081389188766e-04
1.241918362211436033e-04
1.235779200214892626e-04
1.235732343047857285e-04
1.235530507983639836e-04
1.234417577506974339e-04
1.228822511620819569e-04
1.228765468113124371e-04
1.228537294082343578e-04
1.227276516146957874e-04
1.220738631673157215e-04
1.220672638737596571e-04
1.220480917254462838e-04
1.219325858983211219e-04
1.210502232424914837e-04
1.210419577546417713e-04
1.210039190482348204e-04
1.207975874422118068e-04
1.197113015223294497e-04
1.197002566186711192e-04
1.196541415993124247e-04
1.193990610772743821e-04
1.180421677418053150e-04
1.180286781163886189e-04
1.179084356408566236e-04
1.173143609776161611e-04
1.115874765673652291e-04
1.115755367209203541e-04
1.115379272960126400e-04
1.110921002691611648e-04
1.089349098037928343e-04
1.089219003915786743e-04
1.088630087906494737e-04
1.086197298718616366e-04
1.059810019796714187e-04
1.059607020579278469e-04
1.058694833773188293e-04
1.051909202942624688e-04
9.868392953649163246e-05
9.866899927146732807e-05
9.863155719358474016e-05
9.838834375841543078e-05
9.707969002192839980e-05
9.051879169419407845e-05
9.050204243976622820e-05
9.042562305694445968e-05
8.970069757197052240e-05
8.309575787279754877e-05
8.307429379783570766e-05
8.297376916743814945e-05
8.242872718255966902e-05
7.697493128944188356e-05
7.695623207837343216e-05
7.687207835260778666e-05
7.641121192136779428e-05
7.397882291115820408e-05
7.395150896627455950e-05
7.382874173345044255e-05
7.315972470678389072e-05
6.656417826889082789e-05
6.654512981185689569e-05
6.643870437983423471e-05
6.588148244190961123e-05
6.056418715161271393e-05
6.054834011592902243e-05
6.047612623660825193e-05
6.008458512951619923e-05
5.631932435790076852e-05
5.631129533867351711e-05
5.627422797260805964e-05
5.599012365564703941e-05
5.354300083126872778e-05
5.353942106012254953e-05
5.352767402655445039e-05
5.345883255358785391e-05
5.307770334184169769e-05
5.307243191055022180e-05
5.304905789671465755e-05
5.292187415761873126e-05
5.173936733626760542e-05
5.173764657229185104e-05
5.173321551410481334e-05
5.170601070858538151e-05
5.144054011907428503e-05
5.143898306414484978e-05
5.143153975950554013e-05
5.141789006302133203e-05
5.131878424435853958e-05
5.086349847260862589e-05
5.086250166641548276e-05
5.085700104245916009e-05
5.082839561509899795e-05
5.068018435849808156e-05
5.067834717920050025e-05
5.067403981229290366e-05
5.064653669251129031e-05
5.052594133303500712e-05
4.994862683815881610e-05
4.994685878045856953e-05
4.994567279936745763e-05
4.993273978470824659e-05
4.987148713553324342e-05
4.955290569341741502e-05
4.955057374900206923e-05
4.953978714183904231e-05
4.949049252900294960e-05
4.922349035041406751e-05
4.921998333884403110e-05
4.920540959574282169e-05
4.912442091153934598e-05
4.849425749853253365e-05
4.849096148973330855e-05
4.847566015087068081e-05
4.841784902964718640e-05
4.809692472917959094e-05
4.809087840840220451e-05
4.808067751582711935e-05
4.800785973202437162e-05
4.725546386907808483e-05
4.725010512629523873e-05
4.723488746094517410e-05
4.714282476925291121e-05
4.668144902097992599e-05
4.667654866352677345e-05
4.664338848670013249e-05
4.631231786333955824e-05
4.434188667801208794e-05
4.434044240042567253e-05
4.433377762325108051e-05
4.428665488376282156e-05
4.400519537739455700e-05
4.400462785270065069e-05
4.400350007927045226e-05
4.399573299451731145e-05
4.396407166495919228e-05
4.373192132334224880e-05
4.373121191747486591e-05
4.373116098577156663e-05
4.372796684037894011e-05
4.371879913378506899e-05
4.367387009551748633e-05
4.367328074295073748e-05
4.367038854979909956e-05
4.365514905657619238e-05
4.358282603789120913e-05
4.358219302957877517e-05
4.357882789918221533e-05
4.356868157628923655e-05
4.351377356215380132e-05
4.369460657471790910e-05
4.369442103779874742e-05
4.369382077129557729e-05
4.369024100014939904e-05
4.367410292616114020e-05
4.368308509583584964e-05
4.368300869828090072e-05
4.368275767774321139e-05
4.368233203422278166e-05
4.368229201645590365e-05
4.403626371640712023e-05
4.403597267810255289e-05
4.403392085805535316e-05
4.402946069603785872e-05
4.399978206492960453e-05
4.388135857880115509e-05
4.387876106193289161e-05
4.386762884678319097e-05
4.382898987387306988e-05
4.350783274276182055e-05
4.350662129581905901e-05
4.350058225099928677e-05
4.346780769992619753e-05
4.323942994233220816e-05
4.323798930272459984e-05
4.323556277086026967e-05
4.321892629377543926e-05
4.311973316362127662e-05
4.268761404091492295e-05
4.268653719918802381e-05
4.268238990334793925e-05
4.267034091753885150e-05
4.259618435753509402e-05
4.211685882182791829e-05
4.211615305393934250e-05
4.211333362036384642e-05
4.209716280456632376e-05
4.205343793728388846e-05
4.178619565209373832e-05
4.178427479928359389e-05
4.177571827312931418e-05
4.170449392404407263e-05
4.116552008781582117e-05
4.116350100957788527e-05
4.114852345082908869e-05
4.109844303457066417e-05
4.081170482095330954e-05
4.080994403921067715e-05
4.080118378624320030e-05
4.075547622051090002e-05
4.037321195937693119e-05
4.037157850689254701e-05
4.036680911667644978e-05
4.033693403471261263e-05
4.003138383268378675e-05
4.003004141850396991e-05
4.002333298558369279e-05
3.996864688815549016e-05
3.965740324929356575e-05
3.965602809330448508e-05
3.964973438996821642e-05
3.963305789511650801e-05
3.952715633204206824e-05
3.905536141246557236e-05
3.905509947799146175e-05
3.905350968125276268e-05
3.904858749592676759e-05
3.902223397744819522e-05
3.918185757356695831e-05
3.918054790119640529e-05
3.917757567251101136e-05
3.915960769518278539e-05
3.896735142916440964e-05
3.896609632647596300e-05
3.896167982020415366e-05
3.894781548297032714e-05
3.877760900650173426e-05
3.767288217204622924e-05
3.767244561458937824e-05
3.767048838199116290e-05
3.766221198020502925e-05
3.761675179703161120e-05
3.737209772225469351e-05
3.737117003765888512e-05
3.736894723260775208e-05
3.735513382707722485e-05
3.728469164343550801e-05
3.712155012181028724e-05
3.712133184308186173e-05
3.712005855049937963e-05
3.711626050062477589e-05
3.709479642566293478e-05
3.704431946971453726e-05
3.704382106661796570e-05
3.704374103108420968e-05
3.704112168634310365e-05
3.702671529026702046e-05
3.694961924338713288e-05
3.694899714901112020e-05
3.694647602969780564e-05
3.692273094202391803e-05
3.681054658954963088e-05
3.680965164676308632e-05
3.680543522932566702e-05
3.679493602248840034e-05
3.672777529573068023e-05
3.644774187705479562e-05
3.644754906417801976e-05
3.644772368716076016e-05
3.644781099865213037e-05
3.644856042228639126e-05
3.646359618869610131e-05
3.646316326921805739e-05
3.646288314484991133e-05
3.645857941592112184e-05
3.644410026026889682e-05
3.636749170254915953e-05
3.636759720393456519e-05
3.636786277638748288e-05
3.636854307842440903e-05
3.637051850091665983e-05
3.638620546553283930e-05
3.638613998191431165e-05
3.638615089585073292e-05
3.638585985754616559e-05
3.638424095697700977e-05
3.639608985395170748e-05
3.639576607383787632e-05
3.639556962298229337e-05
3.639552232925780118e-05
3.639263741206377745e-05
3.637752888607792556e-05
3.629913771874271333e-05
3.629918137448839843e-05
3.629857019404880702e-05
3.629763887147419155e-05
3.629074853961355984e-05
3.624592136475257576e-05
3.624615783337503672e-05
3.624674718594178557e-05
3.624793316703289747e-05
3.625785029726102948e-05
3.625776662374846637e-05
3.625693716458044946e-05
3.625576937338337302e-05
3.623936572694219649e-05
3.618367918534204364e-05
3.618388655013404787e-05
3.618415212258696556e-05
3.618626942625269294e-05
3.619043491198681295e-05
3.625542012741789222e-05
3.625273529905825853e-05
3.624117744038812816e-05
3.619111521402373910e-05
3.592904249671846628e-05
3.592873690649867058e-05
3.592747452785260975e-05
3.592035136534832418e-05
3.588556864997372031e-05
3.588492108974605799e-05
3.588230538298375905e-05
3.586897582863457501e-05
3.579685289878398180e-05
3.539352474035695195e-05
3.539276804076507688e-05
3.538913369993679225e-05
3.537032898748293519e-05
3.526836371747776866e-05
3.463352913968265057e-05
3.463185566943138838e-05
3.462961103650741279e-05
3.461152664385735989e-05
3.452735109021887183e-05
3.401141657377593219e-05
3.400898640393279493e-05
3.399877823540009558e-05
3.396292595425620675e-05
3.374767766217701137e-05
3.264627230237238109e-05
3.264439510530792177e-05
3.263679536757990718e-05
3.260251105530187488e-05
3.240859950892627239e-05
3.134900543955154717e-05
3.134738653898239136e-05
3.134642611257731915e-05
3.133537757094018161e-05
3.129988544969819486e-05
3.108329110546037555e-05
3.108128294115886092e-05
3.107240991084836423e-05
3.102332993876188993e-05
3.051734347536694258e-05
3.051542444154620171e-05
3.050727173103950918e-05
3.049399492738302797e-05
3.039091461687348783e-05
2.953417424578219652e-05
2.953349030576646328e-05
2.953302100650034845e-05
2.953065268229693174e-05
2.951495844172313809e-05
2.940517879324033856e-05
2.940437479992397130e-05
2.940377089544199407e-05
2.939812839031219482e-05
2.936688542831689119e-05
2.908351962105371058e-05
2.908305759774520993e-05
2.908142050728201866e-05
2.907936504925601184e-05
2.906185909523628652e-05
2.897620652220211923e-05
2.897589729400351644e-05
2.897447484428994358e-05
2.896679507102817297e-05
2.891660915338434279e-05
2.891632902901619673e-05
2.891598342102952302e-05
2.891398435167502612e-05
2.890618816309142858e-05
2.890592804760672152e-05
2.890544601541478187e-05
2.890485302486922592e-05
2.889904317271430045e-05
2.887229311454575509e-05
2.887085793190635741e-05
2.886466427298728377e-05
2.883217894122935832e-05
2.883208253479097039e-05
2.883052002289332449e-05
2.882216722355224192e-05
2.878037048503756523e-05
2.878018131013959646e-05
2.877990846172906458e-05
2.877946462831459939e-05
2.877584302041213959e-05
2.877512088161893189e-05
2.877485349017661065e-05
2.877404403989203274e-05
2.877109727705828846e-05
2.876124926842749119e-05
2.932787901954725385e-05
2.932819188572466373e-05
2.932929783128201962e-05
2.933200084953568876e-05
2.934224175987765193e-05
2.941445382020901889e-05
2.941464481409639120e-05
2.941499406006187201e-05
2.941615457530133426e-05
2.942523678939323872e-05
2.953596413135528564e-05
2.953590228571556509e-05
2.953550938400439918e-05
2.953421062557026744e-05
2.953492366941645741e-05
2.953497096314094961e-05
2.953517105197533965e-05
2.953632065327838063e-05
2.954594310722313821e-05
2.954561932710930705e-05
2.954451338155195117e-05
2.953969305963255465e-05
2.951910937554202974e-05
2.951901115011423826e-05
2.951840178866405040e-05
2.951436545117758214e-05
2.950214548036456108e-05
2.950185444205999374e-05
2.950120688183233142e-05
2.949775625893380493e-05
2.948337714769877493e-05
2.948321707663126290e-05
2.948320980067364872e-05
2.948223846033215523e-05
2.947497523564379662e-05
2.947489701909944415e-05
2.947467692138161510e-05
2.947293978650122881e-05
2.947361826954875141e-05
2.947372740891296417e-05
2.947390748886391521e-05
2.947447865153662860e-05
2.947667235275730491e-05
2.950100315501913428e-05
2.950083217001520097e-05
2.950086127384565771e-05
2.950101770693436265e-05
2.950127236545085907e-05
2.951778515125624835e-05
2.951799251604825258e-05
2.951780334115028381e-05
2.951790156657807529e-05
2.951780334115028381e-05
2.951805981865618378e-05
2.951815258711576462e-05
2.951937858597375453e-05
2.952146314783021808e-05
2.953718649223446846e-05
2.953724651888478547e-05
2.953736839117482305e-05
2.953730290755629539e-05
2.953860530396923423e-05
2.956109528895467520e-05
2.956128446385264397e-05
2.956161915790289640e-05
2.956180833280086517e-05
2.956570460810326040e-05
2.958617187687195837e-05
2.958621553261764348e-05
2.958606273750774562e-05
2.958629193017259240e-05
2.958699042210355401e-05
2.958908225991763175e-05
2.958892400783952326e-05
2.958889672299847007e-05
2.958855293400119990e-05
2.958789627882651985e-05
2.958273944386746734e-05
2.958257027785293758e-05
2.958195545943453908e-05
2.957905962830409408e-05
2.956702155643142760e-05
2.956672688014805317e-05
2.956648677354678512e-05
2.956476055260282010e-05
2.956101889139972627e-05
2.954640149255283177e-05
2.954595402115955949e-05
2.954384945041965693e-05
2.953315924969501793e-05
2.948515066236723214e-05
2.948525798274204135e-05
2.948632027255371213e-05
2.948949804704170674e-05
2.948885958176106215e-05
2.948676046798937023e-05
2.947440952993929386e-05
2.942948412965051830e-05
2.942861829069443047e-05
2.942852006526663899e-05
2.942376158898696303e-05
2.939844307547900826e-05
2.914107608376070857e-05
2.914073047577403486e-05
2.913898424594663084e-05
2.912992567871697247e-05
2.909648537752218544e-05
2.909599788836203516e-05
2.909539398388005793e-05
2.909050999733153731e-05
2.907385714934207499e-05
2.897981175919994712e-05
2.897935337387025356e-05
2.897678132285363972e-05
2.897205195040442050e-05
2.895901707233861089e-05
2.886928268708288670e-05
2.886875154217705131e-05
2.886586298700422049e-05
2.884964487748220563e-05
2.876397957152221352e-05
2.876331927836872637e-05
2.876308280974626541e-05
2.875794598367065191e-05
2.873658559110481292e-05
2.862334076780825853e-05
2.862267501768656075e-05
2.862141627701930702e-05
2.861960820155218244e-05
2.860204403987154365e-05
2.846609095286112279e-05
2.846628740371670574e-05
2.846661118383053690e-05
2.846925417543388903e-05
2.849513839464634657e-05
2.849515112757217139e-05
2.849507654900662601e-05
2.849490010703448206e-05
2.849403972504660487e-05
2.848998337867669761e-05
2.851158387784380466e-05
2.851166573236696422e-05
2.851191493391525000e-05
2.851300450856797397e-05
2.851511999324429780e-05
2.853263504221104085e-05
2.891419171646703035e-05
2.891427720896899700e-05
2.891495387302711606e-05
2.891884287237189710e-05
2.892632801376748830e-05
2.898331513279117644e-05
2.898399907280690968e-05
2.898438833653926849e-05
2.898898674175143242e-05
2.901492553064599633e-05
2.919300823123194277e-05
2.919344478868879378e-05
2.919498729170300066e-05
2.919756298069842160e-05
2.921852501458488405e-05
2.941465572803281248e-05
2.941521597676910460e-05
2.941585989901795983e-05
2.942056744359433651e-05
2.944774860225152224e-05
2.944779043900780380e-05
2.944853622466325760e-05
2.945156847999896854e-05
2.946440145024098456e-05
2.961002246593125165e-05
2.960943311336450279e-05
2.960733763757161796e-05
2.959509220090694726e-05
2.955168929474893957e-05
2.955147101602051407e-05
2.955106901936233044e-05
2.954960655188187957e-05
2.954119554487988353e-05
2.945374944829382002e-05
2.945381129393354058e-05
2.945392589026596397e-05
2.945546293631196022e-05
2.946343374787829816e-05
2.951661372208036482e-05
2.951622082036919892e-05
2.951538772322237492e-05
2.951348324131686240e-05
2.949992631329223514e-05
2.945099004136864096e-05
2.945090454886667430e-05
2.945083178929053247e-05
2.945088272099383175e-05
2.945211599580943584e-05
2.945209052995778620e-05
2.945212145277764648e-05
2.945211963378824294e-05
2.945211963378824294e-05
2.945210871985182166e-05
2.945210871985182166e-05
2.945186861325055361e-05
2.945133564935531467e-05
2.945106825791299343e-05
2.945099004136864096e-05
2.945115556940436363e-05
2.945166852441616356e-05
2.945509550045244396e-05
2.945498272310942411e-05
2.945488267869222909e-05
2.945466258097440004e-05
2.945340020232833922e-05
2.945103915408253670e-05
2.945096821349579841e-05
2.945098458440043032e-05
2.945125197584275156e-05
2.945181222457904369e-05
2.945507367257960141e-05
2.945502637885510921e-05
2.945476444438099861e-05
2.945406413346063346e-05
2.945293999800924212e-05
2.944425796158611774e-05
2.944454718090128154e-05
2.944554216810502112e-05
2.944742300314828753e-05
2.946270979009568691e-05
2.955892705358564854e-05
2.955768286483362317e-05
2.955150193884037435e-05
2.954071533167734742e-05
2.954063711513299495e-05
2.954085357487201691e-05
2.954110823338851333e-05
2.954209776362404227e-05
2.955288800876587629e-05
2.955275340355001390e-05
2.955268610094208270e-05
2.955287709482945502e-05
2.955417585326358676e-05
2.956114622065797448e-05
2.956110620289109647e-05
2.956095522677060217e-05
2.956109892693348229e-05
