9.237969666719436646e-02
9.226721525192260742e-02
9.215500205755233765e-02
9.204305708408355713e-02
9.193136543035507202e-02
9.181994199752807617e-02
9.170878678560256958e-02
9.159789979457855225e-02
9.148725122213363647e-02
9.137685596942901611e-02
9.126669168472290039e-02
9.115676581859588623e-02
9.104707092046737671e-02
9.093761444091796875e-02
9.082838147878646851e-02
9.071937203407287598e-02
9.061058610677719116e-02
9.050201624631881714e-02
9.039368480443954468e-02
9.028556942939758301e-02
9.017769247293472290e-02
9.007003903388977051e-02
8.996262401342391968e-02
8.985545486211776733e-02
8.974853157997131348e-02
8.964186161756515503e-02
8.953546732664108276e-02
8.942934125661849976e-02
8.932349830865859985e-02
8.921793848276138306e-02
8.911269903182983398e-02
8.900775015354156494e-02
8.890311419963836670e-02
8.879882097244262695e-02
8.869484812021255493e-02
8.859121054410934448e-02
8.848791569471359253e-02
8.838497102260589600e-02
8.828237652778625488e-02
8.818013966083526611e-02
8.807825297117233276e-02
8.797672390937805176e-02
8.787555992603302002e-02
8.777475357055664062e-02
8.767430484294891357e-02
8.757422119379043579e-02
8.747450262308120728e-02
8.737514913082122803e-02
8.727616071701049805e-02
8.717752248048782349e-02
8.707925677299499512e-02
8.698132634162902832e-02
8.688376843929290771e-02
8.678657561540603638e-02
8.668973296880722046e-02
8.659324049949645996e-02
8.649709075689315796e-02
8.640130609273910522e-02
8.630585670471191406e-02
8.621076494455337524e-02
8.611601591110229492e-02
8.602160215377807617e-02
8.592753112316131592e-02
8.583381026983261108e-02
8.574041724205017090e-02
8.564737439155578613e-02
8.555465191602706909e-02
8.546226471662521362e-02
8.537022024393081665e-02
8.527850359678268433e-02
8.518711477518081665e-02
8.509604632854461670e-02
8.500530570745468140e-02
8.491489291191101074e-02
8.482480794191360474e-02
8.473504334688186646e-02
8.464560657739639282e-02
8.455648273229598999e-02
8.446768671274185181e-02
8.437921851873397827e-02
8.429104834794998169e-02
8.420320600271224976e-02
8.411567658185958862e-02
8.402848243713378906e-02
8.394158631563186646e-02
8.385501801967620850e-02
8.376876264810562134e-02
8.368282020092010498e-02
8.359719812870025635e-02
8.351189643144607544e-02
8.342690020799636841e-02
8.334221690893173218e-02
8.325786143541336060e-02
8.317381143569946289e-02
8.309007436037063599e-02
8.300665020942687988e-02
8.292354643344879150e-02
8.284075558185577393e-02
8.275827020406723022e-02
8.267609775066375732e-02
8.259425312280654907e-02
8.251271396875381470e-02
8.243148028850555420e-02
8.235056698322296143e-02
8.226997405290603638e-02
8.218970149755477905e-02
8.210972696542739868e-02
8.203006535768508911e-02
8.195072412490844727e-02
8.187169581651687622e-02
8.179298788309097290e-02
8.171458542346954346e-02
8.163649588823318481e-02
8.155873417854309082e-02
8.148127049207687378e-02
8.140413463115692139e-02
8.132730424404144287e-02
8.125079423189163208e-02
8.117458969354629517e-02
8.109870553016662598e-02
8.102314174175262451e-02
8.094789087772369385e-02
8.087296038866043091e-02
8.079833537340164185e-02
8.072403073310852051e-02
8.065004646778106689e-02
8.057639002799987793e-02
8.050303161144256592e-02
8.043000102043151855e-02
8.035727590322494507e-02
8.028488606214523315e-02
8.021280914545059204e-02
8.014105260372161865e-02
8.006960898637771606e-02
7.999848574399948120e-02
7.992769032716751099e-02
7.985721528530120850e-02
7.978705316781997681e-02
7.971722632646560669e-02
7.964770495891571045e-02
7.957851886749267578e-02
7.950964570045471191e-02
7.944110780954360962e-02
7.937288284301757812e-02
7.930498570203781128e-02
7.923741638660430908e-02
7.917017489671707153e-02
7.910324633121490479e-02
7.903666794300079346e-02
7.897038757801055908e-02
7.890444993972778320e-02
7.883883267641067505e-02
7.877355813980102539e-02
7.870860397815704346e-02
7.864397764205932617e-02
7.857969403266906738e-02
7.851572334766387939e-02
7.845209538936614990e-02
7.838878780603408813e-02
7.832582294940948486e-02
7.826318591833114624e-02
7.820088416337966919e-02
7.813891768455505371e-02
7.807727903127670288e-02
7.801598310470581055e-02
7.795501500368118286e-02
7.789438217878341675e-02
7.783409208059310913e-02
7.777412980794906616e-02
7.771451771259307861e-02
7.765523344278335571e-02
7.759628444910049438e-02
7.753767818212509155e-02
7.747940719127655029e-02
7.742147892713546753e-02
7.736389338970184326e-02
7.730664312839508057e-02
7.724972814321517944e-02
7.719315588474273682e-02
7.713692635297775269e-02
7.708103954792022705e-02
7.702549546957015991e-02
7.697027921676635742e-02
7.691542804241180420e-02
7.686089724302291870e-02
7.680672407150268555e-02
7.675288617610931396e-02
7.669939100742340088e-02
7.664624601602554321e-02
7.659343630075454712e-02
7.654096931219100952e-02
7.648884505033493042e-02
7.643706351518630981e-02
7.638563960790634155e-02
7.633454352617263794e-02
7.628379762172698975e-02
7.623340189456939697e-02
7.618334144353866577e-02
7.613362371921539307e-02
7.608425617218017578e-02
7.603522390127182007e-02
7.598654180765151978e-02
7.593820244073867798e-02
7.589020580053329468e-02
7.584255188703536987e-02
7.579524815082550049e-02
7.574827969074249268e-02
7.570165395736694336e-02
7.565537840127944946e-02
7.560943067073822021e-02
7.556384056806564331e-02
7.551858574151992798e-02
7.547367364168167114e-02
7.542909681797027588e-02
7.538487017154693604e-02
7.534097880125045776e-02
7.529743015766143799e-02
7.525421679019927979e-02
7.521134614944458008e-02
7.516881078481674194e-02
7.512661814689636230e-02
7.508476078510284424e-02
7.504323869943618774e-02
7.500205188989639282e-02
7.496120780706405640e-02
7.492069154977798462e-02
7.488052546977996826e-02
7.484067231416702271e-02
7.480116188526153564e-02
7.476197928190231323e-02
7.472313195466995239e-02
7.468462735414505005e-02
7.464643567800521851e-02
7.460857927799224854e-02
7.457105815410614014e-02
7.453384995460510254e-02
7.449697703123092651e-02
7.446042448282241821e-02
7.442421466112136841e-02
7.438831031322479248e-02
7.435273379087448120e-02
7.431748509407043457e-02
7.428254932165145874e-02
7.424793392419815063e-02
7.421364635229110718e-02
7.417967170476913452e-02
7.414601743221282959e-02
7.411266863346099854e-02
7.407964020967483521e-02
7.404691725969314575e-02
7.401452958583831787e-02
7.398243248462677002e-02
7.395064085721969604e-02
7.391916960477828979e-02
7.388800382614135742e-02
7.385715097188949585e-02
7.382658123970031738e-02
7.379633188247680664e-02
7.376638054847717285e-02
7.373673468828201294e-02
7.370738685131072998e-02
7.367832958698272705e-02
7.364957034587860107e-02
7.362110912799835205e-02
7.359293848276138306e-02
7.356506586074829102e-02
7.353747636079788208e-02
7.351018488407135010e-02
7.348316907882690430e-02
7.345645129680633545e-02
7.343001663684844971e-02
7.340385764837265015e-02
7.337798923254013062e-02
7.335239648818969727e-02
7.332707941532135010e-02
7.330204546451568604e-02
7.327727973461151123e-02
7.325279712677001953e-02
7.322858273983001709e-02
7.320463657379150391e-02
7.318095862865447998e-02
7.315754890441894531e-02
7.313439995050430298e-02
7.311152666807174683e-02
7.308890670537948608e-02
7.306654751300811768e-02
7.304444164037704468e-02
7.302261143922805786e-02
7.300101965665817261e-02
7.297968864440917969e-02
7.295860350131988525e-02
7.293777912855148315e-02
7.291720062494277954e-02
7.289686053991317749e-02
7.287676632404327393e-02
7.285693287849426270e-02
7.283732295036315918e-02
7.281795144081115723e-02
7.279883325099945068e-02
7.277994602918624878e-02
7.276128977537155151e-02
7.274286448955535889e-02
7.272467017173767090e-02
7.270670682191848755e-02
7.268897444009780884e-02
7.267146557569503784e-02
7.265418022871017456e-02
7.263711094856262207e-02
7.262027263641357422e-02
7.260365039110183716e-02
7.258724421262741089e-02
7.257105410099029541e-02
7.255507260560989380e-02
7.253930717706680298e-02
7.252375036478042603e-02
7.250840216875076294e-02
7.249326258897781372e-02
7.247832417488098145e-02
7.246359437704086304e-02
7.244905084371566772e-02
7.243472337722778320e-02
7.242058217525482178e-02
7.240664213895797729e-02
7.239288836717605591e-02
7.237933576107025146e-02
7.236597687005996704e-02
7.235280424356460571e-02
7.233980298042297363e-02
7.232700288295745850e-02
7.231438159942626953e-02
7.230194658041000366e-02
7.228968292474746704e-02
7.227761298418045044e-02
7.226571440696716309e-02
7.225398719310760498e-02
7.224243134260177612e-02
7.223104685544967651e-02
7.221982628107070923e-02
7.220879197120666504e-02
7.219792157411575317e-02
7.218720018863677979e-02
7.217665761709213257e-02
7.216627150774002075e-02
7.215604186058044434e-02
7.214597612619400024e-02
7.213606685400009155e-02
7.212631404399871826e-02
7.211671024560928345e-02
7.210726290941238403e-02
7.209796458482742310e-02
7.208881527185440063e-02
7.207981497049331665e-02
7.207096368074417114e-02
7.206224650144577026e-02
7.205367833375930786e-02
7.204525172710418701e-02
7.203696668148040771e-02
7.202882319688796997e-02
7.202080637216567993e-02
7.201292365789413452e-02
7.200518995523452759e-02
7.199756801128387451e-02
7.199009507894515991e-02
7.198274880647659302e-02
7.197551429271697998e-02
7.196842879056930542e-02
7.196145504713058472e-02
7.195460796356201172e-02
7.194788753986358643e-02
7.194127887487411499e-02
7.193478941917419434e-02
7.192842662334442139e-02
7.192217558622360229e-02
7.191603630781173706e-02
7.191001623868942261e-02
7.190411537885665894e-02
7.189831137657165527e-02
7.189262658357620239e-02
7.188705354928970337e-02
7.188157737255096436e-02
7.187622040510177612e-02
7.187096029520034790e-02
7.186580449342727661e-02
7.186074554920196533e-02
7.185579836368560791e-02
7.185094058513641357e-02
7.184619456529617310e-02
7.184153050184249878e-02
7.183697074651718140e-02
7.183250039815902710e-02
7.182812690734863281e-02
7.182385027408599854e-02
7.181966304779052734e-02
7.181556522846221924e-02
7.181155681610107422e-02
7.180763781070709229e-02
7.180380821228027344e-02
7.180005311965942383e-02
7.179639488458633423e-02
7.179281115531921387e-02
7.178931683301925659e-02
7.178589701652526855e-02
7.178256660699844360e-02
7.177930325269699097e-02
7.177612930536270142e-02
7.177302241325378418e-02
7.176999747753143311e-02
7.176704704761505127e-02
7.176417112350463867e-02
7.176137715578079224e-02
7.175864279270172119e-02
7.175598293542861938e-02
7.175339013338088989e-02
7.175087183713912964e-02
7.174841314554214478e-02
7.174602895975112915e-02
7.174370437860488892e-02
7.174145430326461792e-02
7.173926383256912231e-02
7.173713296651840210e-02
7.173507660627365112e-02
7.173307240009307861e-02
7.173113524913787842e-02
7.172925025224685669e-02
7.172742486000061035e-02
7.172565907239913940e-02
7.172395288944244385e-02
7.172230631113052368e-02
7.172071188688278198e-02
7.171916961669921875e-02
7.171767950057983398e-02
7.171624898910522461e-02
7.171487063169479370e-02
7.171354442834854126e-02
7.171227037906646729e-02
7.171103358268737793e-02
7.170986384153366089e-02
7.170873135328292847e-02
7.170765101909637451e-02
7.170661538839340210e-02
7.170562446117401123e-02
7.170468568801879883e-02
7.170378416776657104e-02
7.170293480157852173e-02
7.170213013887405396e-02
7.170135527849197388e-02
7.170063257217407227e-02
7.169994711875915527e-02
7.169930636882781982e-02
7.169870287179946899e-02
7.169813662767410278e-02
7.169762253761291504e-02
7.169712334871292114e-02
7.169669121503829956e-02
7.169626653194427490e-02
7.169589400291442871e-02
7.169555872678756714e-02
7.169524580240249634e-02
7.169497758150100708e-02
7.169473916292190552e-02
7.169453799724578857e-02
7.169436663389205933e-02
7.169423252344131470e-02
7.169412076473236084e-02
7.169404625892639160e-02
7.169400900602340698e-02
7.169398665428161621e-02
7.169400155544281006e-02
7.169404625892639160e-02
7.169411331415176392e-02
7.169421762228012085e-02
7.169434428215026855e-02
7.169449329376220703e-02
7.169467210769653320e-02
7.169487327337265015e-02
7.169510424137115479e-02
7.169536501169204712e-02
7.169564813375473022e-02
7.169594615697860718e-02
7.169627398252487183e-02
7.169662415981292725e-02
7.169700413942337036e-02
7.169739156961441040e-02
7.169780880212783813e-02
7.169824093580245972e-02
7.169870287179946899e-02
7.169917970895767212e-02
7.169967144727706909e-02
7.170019298791885376e-02
7.170072942972183228e-02
7.170128822326660156e-02
7.170186191797256470e-02
7.170244306325912476e-02
7.170306146144866943e-02
7.170367985963821411e-02
7.170432806015014648e-02
7.170498371124267578e-02
7.170565426349639893e-02
7.170634716749191284e-02
7.170705497264862061e-02
7.170777022838592529e-02
7.170850783586502075e-02
7.170925289392471313e-02
7.171001285314559937e-02
7.171079516410827637e-02
7.171158492565155029e-02
7.171238213777542114e-02
7.171320170164108276e-02
7.171402871608734131e-02
7.171486318111419678e-02
7.171571999788284302e-02
7.171657681465148926e-02
7.171745598316192627e-02
7.171833515167236328e-02
7.171922177076339722e-02
7.172013074159622192e-02
7.172103971242904663e-02
7.172196358442306519e-02
7.172289490699768066e-02
7.172383368015289307e-02
7.172477990388870239e-02
7.172574102878570557e-02
7.172670960426330566e-02
7.172767817974090576e-02
7.172866165637969971e-02
7.172965258359909058e-02
7.173064351081848145e-02
7.173164933919906616e-02
7.173266261816024780e-02
7.173367589712142944e-02
7.173469662666320801e-02
7.173572480678558350e-02
7.173676043748855591e-02
7.173779606819152832e-02
7.173884660005569458e-02
7.173988968133926392e-02
7.174093276262283325e-02
7.174200564622879028e-02
7.174306362867355347e-02
7.174412906169891357e-02
7.174520194530487061e-02
7.174627482891082764e-02
7.174735516309738159e-02
7.174844294786453247e-02
7.174952328205108643e-02
7.175061106681823730e-02
7.175170630216598511e-02
7.175280153751373291e-02
7.175389677286148071e-02
7.175499200820922852e-02
7.175608724355697632e-02
7.175719738006591797e-02
7.175830006599426270e-02
7.175940275192260742e-02
7.176051288843154907e-02
7.176162302494049072e-02
7.176273316144943237e-02
7.176384329795837402e-02
7.176496088504791260e-02
7.176607102155685425e-02
7.176718860864639282e-02
7.176830619573593140e-02
7.176941633224487305e-02
7.177053391933441162e-02
7.177164405584335327e-02
7.177275419235229492e-02
7.177387177944183350e-02
7.177498936653137207e-02
7.177609950304031372e-02
7.177721709012985229e-02
7.177832722663879395e-02
7.177943736314773560e-02
7.178054749965667725e-02
7.178166508674621582e-02
7.178276777267456055e-02
7.178387790918350220e-02
7.178498059511184692e-02
7.178609073162078857e-02
7.178718596696853638e-02
7.178829610347747803e-02
7.178939133882522583e-02
7.179048657417297363e-02
7.179158180952072144e-02
7.179267704486846924e-02
7.179376482963562012e-02
7.179485261440277100e-02
7.179594039916992188e-02
7.179702073335647583e-02
7.179811596870422363e-02
7.179918885231018066e-02
7.180026918649673462e-02
7.180133461952209473e-02
7.180241495370864868e-02
7.180348038673400879e-02
7.180454581975936890e-02
7.180560380220413208e-02
7.180666923522949219e-02
7.180771231651306152e-02
7.180877029895782471e-02
7.180982083082199097e-02
7.181086391210556030e-02
7.181190699338912964e-02
7.181295007467269897e-02
7.181398570537567139e-02
7.181501388549804688e-02
7.181604206562042236e-02
7.181706279516220093e-02
7.181809097528457642e-02
7.181910425424575806e-02
7.182011753320693970e-02
7.182113081216812134e-02
7.182213664054870605e-02
7.182312756776809692e-02
7.182413339614868164e-02
7.182511687278747559e-02
7.182610780000686646e-02
7.182709872722625732e-02
7.182807475328445435e-02
7.182905077934265137e-02
7.183001935482025146e-02
7.183098793029785156e-02
7.183194905519485474e-02
7.183291763067245483e-02
7.183386385440826416e-02
7.183481752872467041e-02
7.183575630187988281e-02
7.183669507503509521e-02
7.183763384819030762e-02
7.183856517076492310e-02
7.183948904275894165e-02
7.184041291475296021e-02
7.184132933616638184e-02
7.184223830699920654e-02
7.184314727783203125e-02
7.184404879808425903e-02
7.184495031833648682e-02
7.184584438800811768e-02
7.184673100709915161e-02
7.184761762619018555e-02
7.184849679470062256e-02
7.184936851263046265e-02
7.185023277997970581e-02
7.185109704732894897e-02
7.185196131467819214e-02
7.185281813144683838e-02
7.185366004705429077e-02
7.185450941324234009e-02
7.185535132884979248e-02
7.185617834329605103e-02
7.185701280832290649e-02
7.185783237218856812e-02
7.185865193605422974e-02
7.185947149991989136e-02
7.186027616262435913e-02
7.186108082532882690e-02
7.186188548803329468e-02
7.186267524957656860e-02
7.186346501111984253e-02
7.186424732208251953e-02
7.186502963304519653e-02
7.186580449342727661e-02
7.186657190322875977e-02
7.186733931303024292e-02
7.186809182167053223e-02
7.186885178089141846e-02
7.186959683895111084e-02
7.187034934759140015e-02
7.187107950448989868e-02
7.187181711196899414e-02
7.187253981828689575e-02
7.187326997518539429e-02
7.187398523092269897e-02
7.187470048666000366e-02
7.187540829181671143e-02
7.187611609697341919e-02
7.187680900096893311e-02
7.187750935554504395e-02
7.187819480895996094e-02
7.187888771295547485e-02
7.187955826520919800e-02
7.188023626804351807e-02
7.188090682029724121e-02
7.188156247138977051e-02
7.188222557306289673e-02
7.188288122415542603e-02
7.188352942466735840e-02
7.188417762517929077e-02
7.188481092453002930e-02
7.188545167446136475e-02
7.188608497381210327e-02
7.188670337200164795e-02
7.188732922077178955e-02
7.188794016838073730e-02
7.188855111598968506e-02
7.188915461301803589e-02
7.188975811004638672e-02
7.189035415649414062e-02
7.189095020294189453e-02
7.189153134822845459e-02
7.189211994409561157e-02
7.189269363880157471e-02
7.189327478408813477e-02
7.189384102821350098e-02
7.189439982175827026e-02
7.189495861530303955e-02
7.189551740884780884e-02
7.189606875181198120e-02
7.189661264419555664e-02
7.189714908599853516e-02
7.189768552780151367e-02
7.189822196960449219e-02
7.189875096082687378e-02
7.189927995204925537e-02
7.189979404211044312e-02
7.190030813217163086e-02
7.190081477165222168e-02
7.190132141113281250e-02
7.190182060003280640e-02
7.190232723951339722e-02
7.190281152725219727e-02
7.190329581499099731e-02
7.190378755331039429e-02
7.190426439046859741e-02
7.190474867820739746e-02
7.190521061420440674e-02
7.190568000078201294e-02
7.190614193677902222e-02
7.190660387277603149e-02
7.190705835819244385e-02
7.190750539302825928e-02
7.190795987844467163e-02
7.190839946269989014e-02
7.190883904695510864e-02
7.190927118062973022e-02
7.190969586372375488e-02
7.191012799739837646e-02
7.191055268049240112e-02
7.191096991300582886e-02
7.191138714551925659e-02
7.191179692745208740e-02
7.191219925880432129e-02
7.191260159015655518e-02
7.191300392150878906e-02
7.191339880228042603e-02
7.191379368305206299e-02
7.191418111324310303e-02
7.191456854343414307e-02
7.191494852304458618e-02
7.191532850265502930e-02
7.191570103168487549e-02
7.191607356071472168e-02
7.191643118858337402e-02
7.191679626703262329e-02
7.191716134548187256e-02
7.191751897335052490e-02
7.191786915063858032e-02
7.191821932792663574e-02
7.191856205463409424e-02
7.191890478134155273e-02
7.191924005746841431e-02
7.191958278417587280e-02
7.191991060972213745e-02
7.192023843526840210e-02
7.192056626081466675e-02
7.192088663578033447e-02
7.192120701074600220e-02
7.192151993513107300e-02
7.192183285951614380e-02
7.192213833332061768e-02
7.192245125770568848e-02
7.192275673151016235e-02
7.192305475473403931e-02
7.192334532737731934e-02
7.192364335060119629e-02
7.192392647266387939e-02
7.192421704530715942e-02
7.192450761795043945e-02
7.192478328943252563e-02
7.192506641149520874e-02
7.192534208297729492e-02
7.192561775445938110e-02
7.192588597536087036e-02
7.192614674568176270e-02
7.192642241716384888e-02
7.192667573690414429e-02
7.192693650722503662e-02
7.192718982696533203e-02
7.192744314670562744e-02
7.192769646644592285e-02
7.192794233560562134e-02
7.192818820476531982e-02
7.192842662334442139e-02
7.192867249250411987e-02
7.192891091108322144e-02
7.192914187908172607e-02
7.192937284708023071e-02
7.192960381507873535e-02
7.192982733249664307e-02
7.193005830049514771e-02
7.193028181791305542e-02
7.193049788475036621e-02
7.193071395158767700e-02
7.193093001842498779e-02
7.193114608526229858e-02
7.193136215209960938e-02
7.193156331777572632e-02
7.193177193403244019e-02
7.193197309970855713e-02
7.193218171596527100e-02
7.193237543106079102e-02
7.193256914615631104e-02
7.193276286125183105e-02
7.193295657634735107e-02
7.193315029144287109e-02
7.193333655595779419e-02
7.193352282047271729e-02
7.193370163440704346e-02
7.193388789892196655e-02
7.193406671285629272e-02
7.193424552679061890e-02
7.193442434072494507e-02
7.193459570407867432e-02
7.193476706743240356e-02
7.193493843078613281e-02
7.193510979413986206e-02
7.193526625633239746e-02
7.193543761968612671e-02
7.193560153245925903e-02
7.193576544523239136e-02
7.193592190742492676e-02
7.193607836961746216e-02
7.193622738122940063e-02
7.193638384342193604e-02
7.193653285503387451e-02
7.193668931722640991e-02
7.193683087825775146e-02
7.193697988986968994e-02
7.193712145090103149e-02
7.193726301193237305e-02
7.193741202354431152e-02
7.193754613399505615e-02
7.193768024444580078e-02
7.193782180547714233e-02
7.193795591592788696e-02
7.193809002637863159e-02
7.193822413682937622e-02
7.193835079669952393e-02
7.193847745656967163e-02
7.193861156702041626e-02
7.193873822689056396e-02
7.193885743618011475e-02
7.193898409605026245e-02
7.193910330533981323e-02
7.193922996520996094e-02
7.193934172391891479e-02
7.193946838378906250e-02
7.193957269191741943e-02
7.193969935178756714e-02
7.193980365991592407e-02
7.193992286920547485e-02
7.194003462791442871e-02
7.194013893604278564e-02
7.194025069475173950e-02
7.194036245346069336e-02
7.194045931100845337e-02
7.194057106971740723e-02
7.194066792726516724e-02
7.194077968597412109e-02
7.194088399410247803e-02
7.194098085165023804e-02
7.194108515977859497e-02
7.194117456674575806e-02
7.194127887487411499e-02
7.194137573242187500e-02
7.194146513938903809e-02
7.194156199693679810e-02
7.194165140390396118e-02
7.194174826145172119e-02
7.194183766841888428e-02
7.194192707538604736e-02
7.194201648235321045e-02
7.194210588932037354e-02
7.194218784570693970e-02
7.194228470325469971e-02
7.194236665964126587e-02
7.194244116544723511e-02
7.194253057241439819e-02
7.194261252880096436e-02
7.194270193576812744e-02
7.194277644157409668e-02
7.194285839796066284e-02
7.194294035434722900e-02
7.194301486015319824e-02
7.194309681653976440e-02
7.194317877292633057e-02
7.194324582815170288e-02
7.194332778453826904e-02
7.194340229034423828e-02
7.194347679615020752e-02
7.194354385137557983e-02
7.194361090660095215e-02
7.194369286298751831e-02
7.194376736879348755e-02
7.194384187459945679e-02
7.194390892982482910e-02
7.194397598505020142e-02
7.194404304027557373e-02
7.194411754608154297e-02
7.194418460130691528e-02
7.194424420595169067e-02
7.194431126117706299e-02
7.194438576698303223e-02
7.194444537162780762e-02
7.194450497627258301e-02
7.194457203149795532e-02
7.194463908672332764e-02
7.194469869136810303e-02
7.194475829601287842e-02
7.194483280181884766e-02
7.194489240646362305e-02
7.194495201110839844e-02
7.194501161575317383e-02
7.194507122039794922e-02
7.194513827562332153e-02
7.194519042968750000e-02
7.194525003433227539e-02
7.194530218839645386e-02
7.194536179304122925e-02
7.194542884826660156e-02
7.194548845291137695e-02
7.194554060697555542e-02
7.194560021162033081e-02
7.194565981626510620e-02
7.194570451974868774e-02
7.194577157497406006e-02
7.194582372903823853e-02
7.194587588310241699e-02
7.194593548774719238e-02
7.194598764181137085e-02
7.194603979587554932e-02
7.194609194993972778e-02
7.194615155458450317e-02
7.194620370864868164e-02
7.194625586271286011e-02
7.194630801677703857e-02
7.194636017084121704e-02
7.194641232490539551e-02
7.194646447896957397e-02
7.194652408361434937e-02
7.194656878709793091e-02
7.194662094116210938e-02
7.194667309522628784e-02
7.194672524929046631e-02
7.194677740335464478e-02
7.194682210683822632e-02
7.194687426090240479e-02
7.194692641496658325e-02
7.194697856903076172e-02
7.194703072309494019e-02
7.194707542657852173e-02
7.194712758064270020e-02
7.194717228412628174e-02
7.194722443819046021e-02
7.194727659225463867e-02
7.194732129573822021e-02
7.194737344980239868e-02
7.194742560386657715e-02
7.194747030735015869e-02
7.194752246141433716e-02
7.194756716489791870e-02
7.194761931896209717e-02
7.194767147302627563e-02
7.194771617650985718e-02
7.194776833057403564e-02
7.194781303405761719e-02
7.194785773754119873e-02
7.194790989160537720e-02
7.194795459508895874e-02
7.194800674915313721e-02
7.194805890321731567e-02
7.194810360670089722e-02
7.194815576076507568e-02
7.194820791482925415e-02
7.194825261831283569e-02
7.194829732179641724e-02
7.194834947586059570e-02
7.194840162992477417e-02
7.194845378398895264e-02
7.194849848747253418e-02
7.194854319095611572e-02
7.194858789443969727e-02
7.194864004850387573e-02
7.194869220256805420e-02
7.194873690605163574e-02
7.194878906011581421e-02
7.194884121417999268e-02
7.194889336824417114e-02
7.194894552230834961e-02
7.194898277521133423e-02
7.194903492927551270e-02
7.194908708333969116e-02
7.194913178682327271e-02
7.194918394088745117e-02
7.194923609495162964e-02
7.194928079843521118e-02
7.194933295249938965e-02
7.194938510656356812e-02
7.194942981004714966e-02
7.194948941469192505e-02
7.194953411817550659e-02
7.194958627223968506e-02
7.194963842630386353e-02
7.194968312978744507e-02
7.194973528385162354e-02
7.194978743791580200e-02
7.194983959197998047e-02
7.194989174604415894e-02
7.194993644952774048e-02
7.194999605417251587e-02
7.195004820823669434e-02
7.195009291172027588e-02
7.195015251636505127e-02
7.195020467042922974e-02
7.195025682449340820e-02
7.195030897855758667e-02
7.195036113262176514e-02
7.195041328668594360e-02
7.195046544075012207e-02
7.195051759481430054e-02
7.195056974887847900e-02
7.195062935352325439e-02
7.195068150758743286e-02
7.195073366165161133e-02
7.195079326629638672e-02
7.195084542036056519e-02
7.195089757442474365e-02
7.195094972848892212e-02
7.195100933313369751e-02
7.195106148719787598e-02
7.195112109184265137e-02
7.195116579532623291e-02
7.195122539997100830e-02
7.195128500461578369e-02
7.195134460926055908e-02
7.195139676332473755e-02
7.195144891738891602e-02
7.195150852203369141e-02
7.195156812667846680e-02
7.195162773132324219e-02
7.195167988538742065e-02
7.195173949003219604e-02
7.195179909467697144e-02
7.195185124874114990e-02
7.195191085338592529e-02
7.195197790861129761e-02
7.195203751325607300e-02
7.195209711790084839e-02
7.195214927196502686e-02
7.195220142602920532e-02
7.195227593183517456e-02
7.195233553647994995e-02
7.195239514112472534e-02
7.195244729518890381e-02
7.195251435041427612e-02
7.195257395505905151e-02
7.195263355970382690e-02
7.195269316434860229e-02
7.195276021957397461e-02
7.195281982421875000e-02
7.195288687944412231e-02
7.195295393466949463e-02
7.195301353931427002e-02
7.195308059453964233e-02
7.195313274860382080e-02
7.195320725440979004e-02
7.195325940847396851e-02
7.195333391427993774e-02
7.195340096950531006e-02
7.195346057415008545e-02
7.195352762937545776e-02
7.195359468460083008e-02
7.195365428924560547e-02
7.195372879505157471e-02
7.195378839969635010e-02
7.195385545492172241e-02
7.195392996072769165e-02
7.195398956537246704e-02
7.195405662059783936e-02
7.195412367582321167e-02
7.195419073104858398e-02
7.195426523685455322e-02
7.195433229207992554e-02
7.195439934730529785e-02
7.195447385311126709e-02
7.195453345775604248e-02
7.195460796356201172e-02
7.195468246936798096e-02
7.195474952459335327e-02
7.195482403039932251e-02
7.195489853620529175e-02
7.195496559143066406e-02
7.195504009723663330e-02
7.195510715246200562e-02
7.195517420768737793e-02
7.195524871349334717e-02
7.195532321929931641e-02
7.195539772510528564e-02
7.195546478033065796e-02
7.195553928613662720e-02
7.195561379194259644e-02
7.195568829774856567e-02
7.195576280355453491e-02
7.195583730936050415e-02
7.195591181516647339e-02
7.195598632097244263e-02
7.195606082677841187e-02
7.195613533258438110e-02
7.195620983839035034e-02
7.195628434419631958e-02
7.195636630058288574e-02
7.195644825696945190e-02
7.195651531219482422e-02
7.195659726858139038e-02
7.195667177438735962e-02
7.195674628019332886e-02
7.195682823657989502e-02
7.195691019296646118e-02
7.195699214935302734e-02
7.195706665515899658e-02
7.195714861154556274e-02
7.195722311735153198e-02
7.195730507373809814e-02
7.195737957954406738e-02
7.195746898651123047e-02
7.195754349231719971e-02
7.195762544870376587e-02
7.195769995450973511e-02
7.195778936147689819e-02
7.195787131786346436e-02
7.195795327425003052e-02
7.195803523063659668e-02
7.195811718702316284e-02
7.195819914340972900e-02
7.195828109979629517e-02
7.195836305618286133e-02
7.195845246315002441e-02
7.195853441953659058e-02
7.195861637592315674e-02
7.195870578289031982e-02
7.195878773927688599e-02
7.195887714624404907e-02
7.195895910263061523e-02
7.195904850959777832e-02
7.195913046598434448e-02
7.195921987295150757e-02
7.195930182933807373e-02
7.195939123630523682e-02
7.195948064327239990e-02
7.195957005023956299e-02
7.195965945720672607e-02
7.195974141359329224e-02
7.195983827114105225e-02
7.195992022752761841e-02
7.196000963449478149e-02
7.196009159088134766e-02
7.196018844842910767e-02
7.196027785539627075e-02
7.196036726236343384e-02
7.196045666933059692e-02
7.196054607629776001e-02
7.196063548326492310e-02
7.196072489023208618e-02
7.196082174777984619e-02
7.196090370416641235e-02
7.196099311113357544e-02
7.196109741926193237e-02
7.196118682622909546e-02
7.196127623319625854e-02
7.196137309074401855e-02
7.196146249771118164e-02
7.196155935525894165e-02
7.196164876222610474e-02
7.196175307035446167e-02
7.196184247732162476e-02
7.196193188428878784e-02
7.196202874183654785e-02
7.196212559938430786e-02
7.196222245693206787e-02
7.196231931447982788e-02
7.196241617202758789e-02
7.196251302957534790e-02
7.196260988712310791e-02
7.196269929409027100e-02
7.196279615163803101e-02
7.196290045976638794e-02
7.196298986673355103e-02
7.196308672428131104e-02
7.196318358182907104e-02
7.196328043937683105e-02
7.196337729692459106e-02
7.196347415447235107e-02
7.196357846260070801e-02
7.196367532014846802e-02
7.196376472711563110e-02
7.196386903524398804e-02
7.196396589279174805e-02
7.196407020092010498e-02
7.196416705846786499e-02
7.196427136659622192e-02
7.196436822414398193e-02
7.196447253227233887e-02
7.196456938982009888e-02
7.196467369794845581e-02
7.196477055549621582e-02
7.196488231420516968e-02
7.196497917175292969e-02
7.196507602930068970e-02
7.196518033742904663e-02
7.196528464555740356e-02
7.196538895368576050e-02
7.196548581123352051e-02
7.196559011936187744e-02
7.196569442749023438e-02
7.196579128503799438e-02
7.196590304374694824e-02
7.196600735187530518e-02
7.196611166000366211e-02
7.196620851755142212e-02
7.196632027626037598e-02
7.196642458438873291e-02
7.196652889251708984e-02
7.196662575006484985e-02
7.196673750877380371e-02
7.196684181690216064e-02
7.196693867444992065e-02
7.196705043315887451e-02
7.196715474128723145e-02
7.196726649999618530e-02
7.196737080812454224e-02
7.196747511625289917e-02
7.196757197380065918e-02
7.196769118309020996e-02
7.196779549121856689e-02
7.196790724992752075e-02
7.196801155805587769e-02
7.196812331676483154e-02
7.196822762489318848e-02
7.196833938360214233e-02
7.196844369173049927e-02
7.196855545043945312e-02
7.196866720914840698e-02
7.196877151727676392e-02
7.196888327598571777e-02
7.196898758411407471e-02
7.196909189224243164e-02
7.196920365095138550e-02
7.196932286024093628e-02
7.196943461894989014e-02
7.196954637765884399e-02
7.196965068578720093e-02
7.196976244449615479e-02
7.196987420320510864e-02
7.196998596191406250e-02
7.197009027004241943e-02
7.197020202875137329e-02
7.197031378746032715e-02
7.197042554616928101e-02
7.197054475545883179e-02
7.197064906358718872e-02
7.197076082229614258e-02
7.197087258100509644e-02
7.197098433971405029e-02
7.197109609842300415e-02
7.197120785713195801e-02
7.197132706642150879e-02
7.197144627571105957e-02
7.197155058383941650e-02
7.197166234254837036e-02
7.197177410125732422e-02
7.197189331054687500e-02
7.197200506925582886e-02
7.197212427854537964e-02
7.197222858667373657e-02
7.197234779596328735e-02
7.197245955467224121e-02
7.197257876396179199e-02
7.197269052267074585e-02
7.197280228137969971e-02
7.197292149066925049e-02
7.197303324937820435e-02
7.197315245866775513e-02
7.197327166795730591e-02
7.197339087724685669e-02
7.197349518537521362e-02
7.197361439466476440e-02
7.197374105453491211e-02
7.197385281324386597e-02
7.197397202253341675e-02
7.197408378124237061e-02
7.197420299053192139e-02
7.197432965040206909e-02
7.197444140911102295e-02
7.197455316781997681e-02
7.197467237710952759e-02
7.197479158639907837e-02
7.197491079568862915e-02
7.197503000497817993e-02
7.197514176368713379e-02
7.197526842355728149e-02
7.197538018226623535e-02
7.197549194097518921e-02
7.197561860084533691e-02
7.197573035955429077e-02
7.197584211826324463e-02
7.197596877813339233e-02
7.197608798742294312e-02
7.197620719671249390e-02
7.197632640600204468e-02
7.197643816471099854e-02
7.197656482458114624e-02
7.197667658329010010e-02
7.197679579257965088e-02
7.197692245244979858e-02
7.197704166173934937e-02
7.197716087102890015e-02
7.197727262973785400e-02
7.197739183902740479e-02
7.197751849889755249e-02
7.197763025760650635e-02
7.197774946689605713e-02
7.197787612676620483e-02
7.197799533605575562e-02
7.197811454534530640e-02
7.197823375463485718e-02
7.197835296392440796e-02
7.197847962379455566e-02
7.197860628366470337e-02
7.197871804237365723e-02
7.197884470224380493e-02
7.197896391153335571e-02
7.197908312082290649e-02
7.197919487953186035e-02
7.197932153940200806e-02
7.197944819927215576e-02
7.197955995798110962e-02
7.197968661785125732e-02
7.197981327772140503e-02
7.197993248701095581e-02
7.198005914688110352e-02
7.198017835617065430e-02
7.198030501604080200e-02
7.198043167591094971e-02
7.198054343461990356e-02
7.198067009449005127e-02
7.198079675436019897e-02
7.198092341423034668e-02
7.198104262351989746e-02
7.198116183280944824e-02
7.198128849267959595e-02
7.198141515254974365e-02
7.198153436183929443e-02
7.198165357112884521e-02
7.198178023099899292e-02
7.198190689086914062e-02
7.198202610015869141e-02
7.198215276002883911e-02
7.198227196931838989e-02
7.198240607976913452e-02
7.198251783847808838e-02
7.198265194892883301e-02
7.198277115821838379e-02
7.198289781808853149e-02
7.198301702737808228e-02
7.198315113782882690e-02
7.198327034711837769e-02
7.198338955640792847e-02
7.198351621627807617e-02
7.198363542556762695e-02
7.198376208543777466e-02
7.198388129472732544e-02
7.198400795459747314e-02
7.198413461446762085e-02
7.198425382375717163e-02
7.198437303304672241e-02
7.198450714349746704e-02
7.198463380336761475e-02
7.198475301265716553e-02
7.198487222194671631e-02
7.198499888181686401e-02
7.198512554168701172e-02
7.198525220155715942e-02
7.198537886142730713e-02
7.198549807071685791e-02
7.198562473058700562e-02
7.198575139045715332e-02
7.198587059974670410e-02
7.198599725961685181e-02
7.198612391948699951e-02
7.198625057935714722e-02
7.198636978864669800e-02
7.198649644851684570e-02
7.198662310838699341e-02
7.198674976825714111e-02
7.198686897754669189e-02
7.198700308799743652e-02
7.198712229728698730e-02
7.198725640773773193e-02
7.198736816644668579e-02
7.198750972747802734e-02
7.198762893676757812e-02
7.198775559663772583e-02
7.198788225650787354e-02
7.198800891637802124e-02
7.198812812566757202e-02
7.198826223611831665e-02
7.198838144540786743e-02
7.198851555585861206e-02
7.198863476514816284e-02
7.198876887559890747e-02
7.198888808488845825e-02
7.198902219533920288e-02
7.198914140462875366e-02
7.198926806449890137e-02
7.198939472436904907e-02
7.198952138423919678e-02
7.198964804410934448e-02
7.198977470397949219e-02
7.198990881443023682e-02
7.199003547430038452e-02
7.199015468358993530e-02
7.199028134346008301e-02
7.199041545391082764e-02
7.199054211378097534e-02
7.199066877365112305e-02
7.199079543352127075e-02
7.199091464281082153e-02
7.199104875326156616e-02
7.199117541313171387e-02
7.199130207300186157e-02
7.199142873287200928e-02
7.199154794216156006e-02
7.199167460203170776e-02
7.199180126190185547e-02
7.199192792177200317e-02
7.199205458164215088e-02
7.199218124151229858e-02
7.199230790138244629e-02
7.199243456125259399e-02
7.199256122112274170e-02
7.199268788099288940e-02
7.199281454086303711e-02
7.199294120073318481e-02
7.199306041002273560e-02
7.199319452047348022e-02
7.199331372976303101e-02
7.199344784021377563e-02
7.199356704950332642e-02
7.199369370937347412e-02
7.199382036924362183e-02
7.199394702911376953e-02
7.199407368898391724e-02
7.199419289827346802e-02
7.199432700872421265e-02
7.199444621801376343e-02
7.199458032846450806e-02
7.199469953775405884e-02
7.199483364820480347e-02
7.199496030807495117e-02
7.199508696794509888e-02
7.199520617723464966e-02
7.199533283710479736e-02
7.199545949697494507e-02
7.199559360742568970e-02
7.199571281671524048e-02
7.199583947658538818e-02
7.199596613645553589e-02
7.199610024690628052e-02
7.199621945619583130e-02
7.199634611606597900e-02
7.199647277593612671e-02
7.199659943580627441e-02
7.199672609567642212e-02
7.199685275554656982e-02
7.199697941541671753e-02
7.199710607528686523e-02
7.199723273515701294e-02
7.199735939502716064e-02
7.199748605489730835e-02
7.199761271476745605e-02
7.199773192405700684e-02
7.199786603450775146e-02
7.199799269437789917e-02
7.199811935424804688e-02
7.199824601411819458e-02
7.199837267398834229e-02
7.199849188327789307e-02
7.199861854314804077e-02
7.199874520301818848e-02
7.199887186288833618e-02
7.199899852275848389e-02
7.199911773204803467e-02
7.199925184249877930e-02
7.199937105178833008e-02
7.199950516223907471e-02
7.199963927268981934e-02
7.199975103139877319e-02
7.199989259243011475e-02
7.200001180171966553e-02
7.200013846158981323e-02
7.200026512145996094e-02
7.200039178133010864e-02
7.200051844120025635e-02
7.200064510107040405e-02
7.200077176094055176e-02
7.200089842081069946e-02
7.200102508068084717e-02
7.200115919113159180e-02
7.200127840042114258e-02
7.200140506029129028e-02
7.200152426958084106e-02
7.200166583061218262e-02
7.200177758932113647e-02
7.200191169977188110e-02
7.200203090906143188e-02
7.200216501951217651e-02
7.200228422880172729e-02
7.200241833925247192e-02
7.200253754854202271e-02
7.200266420841217041e-02
7.200278341770172119e-02
7.200291752815246582e-02
7.200303673744201660e-02
7.200316339731216431e-02
7.200329005718231201e-02
7.200341671705245972e-02
7.200353592634201050e-02
7.200367003679275513e-02
7.200378924608230591e-02
7.200391590595245361e-02
7.200404256582260132e-02
7.200416177511215210e-02
7.200428843498229980e-02
7.200440764427185059e-02
7.200453430414199829e-02
7.200466096401214600e-02
7.200478762388229370e-02
7.200491428375244141e-02
7.200504094362258911e-02
7.200516760349273682e-02
7.200529426336288452e-02
7.200541347265243530e-02
7.200553268194198608e-02
7.200566679239273071e-02
7.200578600168228149e-02
7.200591266155242920e-02
7.200603187084197998e-02
7.200615853071212769e-02
7.200628519058227539e-02
7.200640439987182617e-02
7.200653105974197388e-02
7.200665026903152466e-02
7.200677692890167236e-02
7.200690358877182007e-02
7.200702279806137085e-02
7.200714200735092163e-02
7.200727611780166626e-02
7.200739532709121704e-02
7.200752943754196167e-02
7.200764119625091553e-02
7.200776040554046631e-02
7.200788706541061401e-02
7.200801372528076172e-02
7.200814038515090942e-02
7.200825959444046021e-02
7.200837880373001099e-02
7.200850546360015869e-02
7.200863212347030640e-02
7.200875133275985718e-02
7.200887799263000488e-02
7.200899720191955566e-02
7.200912386178970337e-02
7.200925052165985107e-02
7.200936973094940186e-02
7.200948894023895264e-02
7.200961560010910034e-02
7.200973480939865112e-02
7.200986146926879883e-02
7.200998067855834961e-02
7.201009988784790039e-02
7.201022654771804810e-02
7.201035320758819580e-02
7.201047986745834351e-02
7.201059162616729736e-02
7.201071828603744507e-02
7.201084494590759277e-02
7.201096415519714355e-02
7.201109826564788818e-02
7.201121002435684204e-02
7.201133668422698975e-02
7.201144844293594360e-02
7.201157510280609131e-02
7.201170176267623901e-02
7.201182842254638672e-02
7.201194018125534058e-02
7.201206684112548828e-02
7.201219350099563599e-02
7.201231271028518677e-02
7.201243191957473755e-02
7.201255857944488525e-02
7.201267778873443604e-02
7.201279699802398682e-02
7.201292365789413452e-02
7.201304286718368530e-02
7.201316207647323608e-02
7.201328873634338379e-02
7.201340794563293457e-02
7.201352715492248535e-02
7.201365381479263306e-02
7.201377302408218384e-02
7.201389223337173462e-02
7.201401889324188232e-02
7.201413810253143311e-02
7.201425731182098389e-02
7.201437652111053467e-02
7.201449573040008545e-02
7.201462239027023315e-02
7.201474159955978394e-02
7.201486080884933472e-02
7.201498746871948242e-02
7.201510667800903320e-02
7.201522588729858398e-02
7.201535254716873169e-02
7.201547175645828247e-02
7.201559841632843018e-02
7.201571017503738403e-02
7.201583683490753174e-02
7.201595604419708252e-02
7.201607525348663330e-02
7.201619446277618408e-02
7.201632112264633179e-02
7.201644033193588257e-02
7.201656699180603027e-02
7.201667875051498413e-02
7.201679795980453491e-02
7.201691716909408569e-02
7.201704382896423340e-02
7.201716303825378418e-02
7.201728224754333496e-02
7.201740890741348267e-02
7.201752811670303345e-02
7.201764732599258423e-02
7.201776653528213501e-02
7.201788574457168579e-02
7.201800495386123657e-02
7.201813161373138428e-02
7.201825082302093506e-02
7.201837003231048584e-02
7.201848924160003662e-02
7.201860845088958740e-02
7.201872766017913818e-02
7.201884686946868896e-02
7.201897352933883667e-02
7.201908528804779053e-02
7.201921194791793823e-02
7.201932370662689209e-02
7.201944291591644287e-02
7.201956212520599365e-02
7.201968878507614136e-02
7.201980054378509521e-02
7.201991975307464600e-02
7.202003896236419678e-02
7.202015817165374756e-02
7.202027738094329834e-02
7.202039659023284912e-02
7.202051579952239990e-02
7.202063500881195068e-02
7.202074676752090454e-02
7.202087342739105225e-02
7.202099263668060303e-02
7.202111184597015381e-02
7.202122360467910767e-02
7.202134281396865845e-02
7.202146947383880615e-02
7.202158123254776001e-02
7.202170044183731079e-02
7.202181965112686157e-02
7.202193886041641235e-02
7.202205806970596313e-02
7.202217727899551392e-02
7.202228903770446777e-02
7.202240824699401855e-02
7.202252745628356934e-02
7.202264666557312012e-02
7.202275842428207397e-02
7.202288508415222168e-02
7.202299684286117554e-02
7.202311605215072632e-02
7.202322781085968018e-02
7.202333956956863403e-02
7.202346622943878174e-02
7.202357798814773560e-02
7.202369719743728638e-02
7.202381640672683716e-02
7.202393561601638794e-02
7.202404737472534180e-02
7.202416658401489258e-02
7.202428579330444336e-02
7.202439755201339722e-02
7.202450931072235107e-02
7.202462852001190186e-02
7.202474772930145264e-02
7.202485948801040649e-02
7.202497869729995728e-02
7.202509045600891113e-02
7.202520966529846191e-02
7.202532887458801270e-02
7.202544063329696655e-02
7.202555984258651733e-02
7.202567160129547119e-02
7.202579826116561890e-02
7.202590256929397583e-02
7.202602177858352661e-02
7.202613353729248047e-02
7.202625274658203125e-02
7.202636450529098511e-02
7.202648371458053589e-02
7.202660292387008667e-02
7.202671468257904053e-02
7.202682644128799438e-02
7.202694565057754517e-02
7.202705740928649902e-02
7.202716916799545288e-02
7.202728837728500366e-02
7.202740758657455444e-02
7.202751934528350830e-02
7.202763855457305908e-02
7.202775031328201294e-02
7.202786207199096680e-02
7.202798128128051758e-02
7.202808558940887451e-02
7.202821224927902222e-02
7.202832400798797607e-02
7.202844321727752686e-02
7.202855497598648071e-02
7.202866673469543457e-02
7.202877849340438843e-02
7.202889770269393921e-02
7.202900946140289307e-02
7.202912122011184692e-02
7.202924042940139771e-02
7.202935218811035156e-02
7.202946394681930542e-02
7.202957570552825928e-02
7.202969491481781006e-02
7.202980667352676392e-02
7.202991843223571777e-02
7.203003764152526855e-02
7.203015685081481934e-02
7.203026860952377319e-02
7.203038036823272705e-02
7.203049212694168091e-02
7.203061133623123169e-02
7.203072309494018555e-02
7.203083485364913940e-02
7.203094661235809326e-02
7.203105837106704712e-02
7.203117758035659790e-02
7.203128933906555176e-02
7.203140109777450562e-02
7.203151285648345947e-02
7.203163206577301025e-02
7.203174382448196411e-02
7.203185558319091797e-02
7.203196734189987183e-02
7.203207910060882568e-02
7.203219830989837646e-02
7.203231006860733032e-02
7.203241437673568726e-02
7.203253358602523804e-02
7.203264534473419189e-02
7.203275710344314575e-02
7.203287631273269653e-02
7.203298062086105347e-02
7.203309983015060425e-02
7.203321158885955811e-02
7.203331589698791504e-02
7.203343510627746582e-02
7.203354686498641968e-02
7.203365862369537354e-02
7.203377038240432739e-02
7.203388214111328125e-02
7.203399389982223511e-02
7.203411310911178589e-02
7.203420996665954590e-02
7.203432917594909668e-02
7.203444093465805054e-02
7.203455269336700439e-02
7.203466445207595825e-02
7.203477621078491211e-02
7.203488796949386597e-02
7.203499972820281982e-02
7.203511893749237061e-02
7.203522324562072754e-02
7.203533500432968140e-02
7.203544676303863525e-02
7.203555852174758911e-02
7.203566282987594604e-02
7.203577458858489990e-02
7.203589379787445068e-02
7.203599810600280762e-02
7.203610986471176147e-02
7.203622907400131226e-02
7.203632593154907227e-02
7.203644514083862305e-02
7.203655689954757690e-02
7.203666120767593384e-02
7.203678041696548462e-02
7.203688472509384155e-02
7.203699648380279541e-02
7.203710824251174927e-02
7.203722000122070312e-02
7.203733175992965698e-02
7.203743606805801392e-02
7.203754782676696777e-02
7.203765958547592163e-02
7.203777134418487549e-02
7.203787565231323242e-02
7.203799486160278320e-02
7.203809916973114014e-02
7.203821092844009399e-02
7.203832268714904785e-02
7.203843444585800171e-02
7.203853875398635864e-02
7.203865051269531250e-02
7.203876227140426636e-02
7.203886657953262329e-02
7.203897833824157715e-02
7.203909009695053101e-02
7.203919440507888794e-02
7.203930616378784180e-02
7.203941792249679565e-02
7.203952223062515259e-02
7.203963398933410645e-02
7.203975319862365723e-02
7.203985005617141724e-02
7.203996926546096802e-02
7.204006612300872803e-02
7.204017788171768188e-02
7.204029709100723267e-02
7.204040139913558960e-02
7.204050570726394653e-02
7.204062491655349731e-02
7.204072177410125732e-02
7.204083353281021118e-02
7.204094529151916504e-02
7.204104959964752197e-02
7.204116135835647583e-02
7.204126566648483276e-02
7.204137742519378662e-02
7.204148173332214355e-02
7.204160094261169434e-02
7.204170525074005127e-02
7.204181700944900513e-02
7.204192131757736206e-02
7.204203307628631592e-02
7.204213738441467285e-02
7.204224914312362671e-02
7.204235345125198364e-02
7.204245775938034058e-02
7.204257696866989136e-02
7.204268127679824829e-02
7.204278558492660522e-02
7.204289734363555908e-02
7.204300165176391602e-02
7.204311341047286987e-02
7.204321771860122681e-02
7.204332202672958374e-02
7.204344123601913452e-02
7.204354554414749146e-02
7.204364985227584839e-02
7.204375416040420532e-02
7.204387336969375610e-02
7.204397022724151611e-02
7.204408198595046997e-02
7.204419374465942383e-02
7.204429805278778076e-02
7.204440236091613770e-02
7.204451411962509155e-02
7.204461842775344849e-02
7.204473018646240234e-02
7.204484194517135620e-02
7.204493880271911621e-02
7.204505056142807007e-02
7.204515486955642700e-02
7.204525917768478394e-02
7.204537093639373779e-02
7.204547524452209473e-02
7.204558700323104858e-02
7.204568386077880859e-02
7.204579561948776245e-02
7.204589992761611938e-02
7.204601168632507324e-02
7.204611599445343018e-02
7.204622775316238403e-02
7.204632461071014404e-02
7.204643636941909790e-02
7.204654067754745483e-02
7.204665243625640869e-02
7.204675674438476562e-02
7.204685360193252563e-02
7.204697281122207642e-02
7.204707711935043335e-02
7.204718142747879028e-02
7.204728573560714722e-02
7.204739749431610107e-02
7.204750180244445801e-02
7.204760611057281494e-02
7.204771041870117188e-02
7.204782217741012573e-02
7.204792648553848267e-02
7.204803824424743652e-02
7.204814255237579346e-02
7.204824686050415039e-02
7.204835116863250732e-02
7.204845547676086426e-02
7.204855978488922119e-02
7.204867899417877197e-02
7.204878330230712891e-02
7.204888015985488892e-02
7.204898446798324585e-02
7.204909622669219971e-02
7.204920053482055664e-02
7.204930484294891357e-02
7.204940915107727051e-02
7.204951345920562744e-02
7.204962521791458130e-02
7.204972952604293823e-02
7.204983383417129517e-02
7.204993814229965210e-02
7.205004245042800903e-02
7.205015420913696289e-02
7.205025851726531982e-02
7.205036282539367676e-02
7.205046713352203369e-02
7.205057889223098755e-02
7.205067574977874756e-02
7.205078750848770142e-02
7.205089181661605835e-02
7.205099612474441528e-02
7.205110043287277222e-02
7.205120474100112915e-02
7.205130904912948608e-02
7.205141335725784302e-02
7.205151766538619995e-02
7.205162197351455688e-02
7.205173373222351074e-02
7.205183058977127075e-02
7.205193489789962769e-02
7.205204665660858154e-02
7.205214351415634155e-02
7.205224782228469849e-02
7.205235213041305542e-02
7.205246388912200928e-02
7.205256074666976929e-02
7.205267250537872314e-02
7.205277681350708008e-02
7.205287367105484009e-02
7.205297797918319702e-02
7.205308228731155396e-02
7.205319404602050781e-02
7.205329090356826782e-02
7.205339521169662476e-02
7.205349951982498169e-02
7.205361127853393555e-02
7.205370813608169556e-02
7.205381989479064941e-02
7.205392420291900635e-02
7.205402106046676636e-02
7.205412536859512329e-02
7.205422967672348022e-02
7.205433398485183716e-02
7.205443829298019409e-02
7.205453515052795410e-02
7.205464690923690796e-02
7.205475121736526489e-02
7.205485552549362183e-02
7.205495983362197876e-02
7.205505669116973877e-02
7.205516844987869263e-02
7.205526530742645264e-02
7.205536961555480957e-02
7.205548137426376343e-02
7.205557823181152344e-02
7.205568253993988037e-02
7.205578684806823730e-02
7.205589115619659424e-02
7.205598801374435425e-02
7.205609977245330811e-02
7.205620408058166504e-02
7.205630838871002197e-02
7.205640524625778198e-02
7.205650955438613892e-02
7.205661386251449585e-02
7.205671817064285278e-02
7.205682247877120972e-02
7.205692678689956665e-02
7.205703109502792358e-02
7.205713540315628052e-02
7.205723226070404053e-02
7.205733656883239746e-02
7.205744087696075439e-02
7.205754518508911133e-02
7.205764949321746826e-02
7.205774635076522827e-02
7.205785065889358521e-02
7.205795496702194214e-02
7.205805927515029907e-02
7.205815613269805908e-02
7.205826789140701294e-02
7.205836474895477295e-02
7.205846905708312988e-02
7.205857336521148682e-02
7.205867767333984375e-02
7.205878198146820068e-02
7.205887883901596069e-02
7.205898314714431763e-02
7.205908745527267456e-02
7.205918431282043457e-02
7.205929607152938843e-02
7.205939292907714844e-02
7.205949723720550537e-02
7.205960154533386230e-02
7.205970585346221924e-02
7.205980271100997925e-02
7.205990701913833618e-02
7.206001132726669312e-02
7.206010818481445312e-02
7.206021994352340698e-02
7.206031680107116699e-02
7.206042110919952393e-02
7.206051796674728394e-02
7.206062227487564087e-02
7.206072658300399780e-02
7.206083089113235474e-02
7.206092774868011475e-02
7.206103205680847168e-02
7.206113636493682861e-02
7.206123322248458862e-02
7.206133753061294556e-02
7.206144183874130249e-02
7.206154614686965942e-02
7.206165045499801636e-02
7.206174731254577637e-02
7.206184417009353638e-02
7.206195592880249023e-02
7.206205278635025024e-02
7.206215709447860718e-02
7.206226140260696411e-02
7.206235826015472412e-02
7.206246256828308105e-02
7.206255942583084106e-02
7.206266373395919800e-02
7.206276804208755493e-02
7.206286489963531494e-02
7.206296175718307495e-02
7.206307351589202881e-02
7.206317782402038574e-02
7.206327468156814575e-02
7.206337898969650269e-02
7.206348329782485962e-02
7.206358015537261963e-02
7.206368446350097656e-02
7.206378132104873657e-02
7.206388562917709351e-02
7.206398993730545044e-02
7.206408679485321045e-02
7.206419110298156738e-02
7.206429541110992432e-02
7.206438481807708740e-02
7.206449657678604126e-02
7.206460088491439819e-02
7.206470519304275513e-02
7.206480205059051514e-02
7.206489890813827515e-02
7.206500321626663208e-02
7.206510752439498901e-02
7.206520438194274902e-02
7.206530869007110596e-02
7.206542044878005981e-02
7.206550985574722290e-02
7.206561416387557983e-02
7.206571847200393677e-02
7.206581532955169678e-02
7.206591963768005371e-02
7.206601649522781372e-02
7.206612080335617065e-02
7.206622511148452759e-02
7.206632941961288452e-02
7.206642627716064453e-02
7.206653058528900146e-02
7.206662744283676147e-02
7.206673175096511841e-02
7.206682860851287842e-02
7.206693291664123535e-02
7.206702977418899536e-02
7.206713408231735229e-02
7.206723093986511230e-02
7.206733524799346924e-02
7.206743955612182617e-02
7.206753641366958618e-02
7.206764072179794312e-02
7.206773757934570312e-02
7.206784188747406006e-02
7.206793874502182007e-02
7.206804305315017700e-02
7.206813991069793701e-02
7.206824421882629395e-02
7.206834107637405396e-02
7.206844538450241089e-02
7.206854224205017090e-02
7.206864655017852783e-02
7.206874340772628784e-02
7.206884771585464478e-02
7.206894457340240479e-02
7.206904888153076172e-02
7.206914573907852173e-02
7.206925004720687866e-02
7.206934690475463867e-02
7.206944376230239868e-02
7.206954807043075562e-02
7.206965237855911255e-02
7.206974923610687256e-02
7.206984609365463257e-02
7.206995040178298950e-02
7.207003980875015259e-02
7.207014411687850952e-02
7.207024842500686646e-02
7.207034528255462646e-02
7.207044959068298340e-02
7.207054644823074341e-02
7.207065075635910034e-02
7.207074761390686035e-02
7.207085192203521729e-02
7.207094877958297729e-02
7.207105308771133423e-02
7.207114994525909424e-02
7.207125425338745117e-02
7.207134366035461426e-02
7.207144796848297119e-02
7.207155227661132812e-02
7.207165658473968506e-02
7.207174599170684814e-02
7.207185029983520508e-02
7.207195460796356201e-02
7.207205146551132202e-02
7.207214832305908203e-02
7.207225263118743896e-02
7.207234948873519897e-02
7.207245379686355591e-02
7.207255065441131592e-02
7.207264751195907593e-02
7.207275182008743286e-02
7.207285612821578979e-02
7.207295298576354980e-02
7.207304984331130981e-02
7.207315415143966675e-02
7.207325845956802368e-02
7.207334786653518677e-02
7.207345217466354370e-02
7.207354158163070679e-02
7.207364588975906372e-02
7.207374274730682373e-02
7.207384705543518066e-02
7.207395136356353760e-02
7.207404822111129761e-02
7.207415252923965454e-02
7.207424938678741455e-02
7.207435369491577148e-02
7.207445055246353149e-02
7.207454741001129150e-02
7.207465171813964844e-02
7.207474112510681152e-02
7.207485288381576538e-02
7.207494974136352539e-02
7.207504659891128540e-02
7.207514345645904541e-02
7.207524776458740234e-02
7.207534462213516235e-02
7.207544893026351929e-02
7.207554578781127930e-02
7.207565009593963623e-02
7.207573950290679932e-02
7.207584381103515625e-02
7.207594066858291626e-02
7.207604497671127319e-02
7.207614183425903320e-02
7.207623869180679321e-02
7.207634299993515015e-02
7.207643985748291016e-02
7.207654416561126709e-02
7.207664102315902710e-02
7.207673788070678711e-02
7.207684218883514404e-02
7.207693904638290405e-02
7.207703590393066406e-02
7.207714021205902100e-02
7.207723706960678101e-02
7.207733392715454102e-02
7.207743823528289795e-02
7.207753509283065796e-02
7.207763940095901489e-02
7.207773625850677490e-02
7.207783311605453491e-02
7.207793742418289185e-02
7.207802683115005493e-02
7.207813858985900879e-02
7.207823544740676880e-02
7.207833230495452881e-02
7.207842916250228882e-02
7.207853347063064575e-02
7.207863032817840576e-02
7.207872718572616577e-02
7.207882404327392578e-02
7.207892090082168579e-02
7.207903265953063965e-02
7.207912951707839966e-02
7.207922637462615967e-02
7.207932323217391968e-02
7.207942008972167969e-02
7.207952439785003662e-02
7.207962125539779663e-02
7.207971811294555664e-02
7.207981497049331665e-02
7.207991927862167358e-02
7.208001613616943359e-02
7.208012044429779053e-02
7.208021730184555054e-02
7.208032160997390747e-02
7.208041846752166748e-02
7.208051532506942749e-02
7.208061218261718750e-02
7.208070904016494751e-02
7.208081334829330444e-02
7.208091020584106445e-02
7.208100706338882446e-02
7.208111137151718140e-02
7.208120077848434448e-02
7.208130508661270142e-02
7.208140194416046143e-02
7.208150625228881836e-02
7.208160310983657837e-02
7.208170741796493530e-02
7.208180427551269531e-02
7.208190858364105225e-02
7.208199799060821533e-02
7.208210229873657227e-02
7.208219915628433228e-02
7.208230346441268921e-02
7.208240032196044922e-02
7.208249717950820923e-02
7.208260148763656616e-02
7.208269834518432617e-02
7.208279520273208618e-02
7.208289206027984619e-02
7.208299636840820312e-02
7.208309322595596313e-02
7.208319008350372314e-02
7.208329439163208008e-02
7.208339124917984009e-02
7.208348810672760010e-02
7.208358496427536011e-02
7.208368182182312012e-02
7.208378612995147705e-02
7.208388298749923706e-02
7.208398729562759399e-02
7.208408415317535400e-02
7.208418101072311401e-02
7.208427786827087402e-02
7.208437472581863403e-02
7.208447903394699097e-02
7.208457589149475098e-02
7.208467274904251099e-02
7.208477705717086792e-02
7.208487391471862793e-02
7.208497077226638794e-02
7.208507508039474487e-02
7.208516448736190796e-02
7.208526879549026489e-02
7.208536565303802490e-02
7.208546251058578491e-02
7.208555936813354492e-02
7.208566367626190186e-02
7.208576053380966187e-02
7.208585739135742188e-02
7.208596169948577881e-02
7.208606600761413574e-02
7.208615541458129883e-02
7.208625972270965576e-02
7.208635658025741577e-02
7.208645343780517578e-02
7.208655774593353271e-02
7.208665460348129272e-02
7.208675891160964966e-02
7.208684831857681274e-02
7.208695262670516968e-02
7.208704948425292969e-02
7.208714634180068970e-02
7.208725064992904663e-02
7.208734750747680664e-02
7.208745181560516357e-02
7.208754122257232666e-02
7.208764553070068359e-02
7.208774238824844360e-02
7.208783924579620361e-02
7.208793610334396362e-02
7.208803296089172363e-02
7.208814471960067749e-02
7.208823412656784058e-02
7.208833098411560059e-02
7.208843529224395752e-02
7.208852469921112061e-02
7.208863645792007446e-02
7.208872586488723755e-02
7.208882272243499756e-02
7.208892703056335449e-02
7.208902388811111450e-02
7.208912819623947144e-02
7.208922505378723145e-02
7.208932936191558838e-02
7.208941876888275146e-02
7.208952307701110840e-02
7.208962738513946533e-02
7.208971679210662842e-02
7.208982110023498535e-02
7.208991795778274536e-02
7.209001481533050537e-02
7.209011912345886230e-02
7.209021598100662231e-02
7.209031283855438232e-02
7.209040969610214233e-02
7.209050655364990234e-02
7.209061086177825928e-02
7.209070771932601929e-02
7.209081202745437622e-02
7.209090888500213623e-02
7.209100574254989624e-02
7.209111005067825317e-02
7.209120690822601318e-02
7.209130376577377319e-02
7.209140807390213013e-02
7.209150493144989014e-02
7.209160923957824707e-02
7.209169864654541016e-02
7.209180295467376709e-02
7.209189981222152710e-02
7.209199666976928711e-02
7.209209352731704712e-02
7.209219783544540405e-02
7.209229469299316406e-02
7.209239155054092407e-02
7.209249585866928101e-02
7.209258526563644409e-02
7.209268957376480103e-02
7.209278643131256104e-02
7.209288328886032104e-02
7.209298014640808105e-02
7.209308445453643799e-02
7.209318131208419800e-02
7.209328562021255493e-02
7.209338247776031494e-02
7.209347933530807495e-02
7.209358364343643188e-02
7.209368050098419189e-02
7.209377735853195190e-02
7.209388166666030884e-02
7.209397852420806885e-02
7.209407538175582886e-02
7.209417223930358887e-02
7.209427654743194580e-02
7.209437340497970581e-02
7.209447026252746582e-02
7.209457457065582275e-02
7.209467142820358276e-02
7.209476828575134277e-02
7.209486514329910278e-02
7.209496945142745972e-02
7.209506630897521973e-02
7.209516316652297974e-02
7.209526002407073975e-02
7.209536433219909668e-02
7.209546118974685669e-02
7.209555804729461670e-02
7.209566235542297363e-02
7.209575921297073364e-02
7.209584861993789673e-02
7.209595292806625366e-02
7.209604978561401367e-02
7.209614664316177368e-02
7.209625095129013062e-02
7.209635525941848755e-02
7.209644466638565063e-02
7.209654152393341064e-02
7.209664583206176758e-02
7.209674268960952759e-02
7.209684699773788452e-02
7.209694385528564453e-02
7.209703326225280762e-02
7.209713757038116455e-02
7.209724187850952148e-02
7.209733873605728149e-02
7.209743559360504150e-02
7.209753990173339844e-02
7.209763675928115845e-02
7.209774106740951538e-02
7.209783792495727539e-02
7.209792733192443848e-02
7.209803164005279541e-02
7.209812849760055542e-02
7.209822535514831543e-02
7.209832966327667236e-02
7.209842652082443237e-02
7.209852337837219238e-02
7.209862768650054932e-02
7.209872454404830933e-02
7.209882140159606934e-02
7.209891825914382935e-02
7.209902256727218628e-02
7.209911942481994629e-02
7.209921628236770630e-02
7.209931313991546631e-02
7.209941744804382324e-02
7.209951430559158325e-02
7.209961861371994019e-02
7.209971547126770020e-02
7.209980487823486328e-02
7.209990918636322021e-02
7.210000604391098022e-02
7.210011035203933716e-02
7.210020720958709717e-02
7.210030406713485718e-02
7.210040837526321411e-02
7.210050523281097412e-02
7.210060209035873413e-02
7.210069894790649414e-02
7.210080325603485107e-02
7.210090011358261108e-02
7.210099697113037109e-02
7.210109382867813110e-02
7.210119813680648804e-02
7.210129499435424805e-02
7.210139185190200806e-02
7.210149616003036499e-02
7.210159301757812500e-02
7.210169732570648193e-02
7.210179418325424194e-02
7.210188359022140503e-02
7.210198789834976196e-02
7.210208475589752197e-02
7.210218906402587891e-02
7.210228592157363892e-02
7.210238277912139893e-02
7.210248708724975586e-02
7.210257649421691895e-02
7.210268825292587280e-02
7.210277765989303589e-02
7.210288196802139282e-02
7.210297882556915283e-02
7.210307568311691284e-02
7.210317999124526978e-02
7.210327684879302979e-02
7.210337370634078979e-02
7.210347056388854980e-02
7.210357487201690674e-02
7.210367172956466675e-02
7.210376858711242676e-02
7.210387289524078369e-02
7.210396230220794678e-02
7.210406661033630371e-02
7.210416346788406372e-02
7.210426032543182373e-02
7.210436463356018066e-02
7.210446149110794067e-02
7.210455834865570068e-02
7.210465520620346069e-02
7.210475206375122070e-02
7.210485637187957764e-02
7.210495322942733765e-02
7.210505753755569458e-02
7.210515439510345459e-02
